0 0.8 8.30088 0 0.865618 0.0128469
1 0.8 8.25554 0.867692 0.864146 0.0907316
2 0.8 8.11976 1.72591 0.853115 0.181209
3 0.8 7.895 2.56524 0.834386 0.271055
4 0.8 7.58363 3.37645 0.80761 0.359732
5 0.8 7.18894 4.15054 0.772388 0.446486
6 0.8 6.71517 4.87886 0.728409 0.530333
7 0.8 6.1676 5.55333 0.675446 0.609998
8 0.8 5.55231 6.16646 0.613652 0.68418
9 0.8 4.87622 6.71154 0.543453 0.751554
10 0.8 4.14693 7.1827 0.465517 0.810763
11 0.8 3.37257 7.57491 0.380851 0.860724
12 0.8 2.5617 7.8841 0.290616 0.900503
13 0.8 1.72323 8.10716 0.196133 0.929401
14 0.8 0.86627 8.24201 0.0987876 0.946901
15 0.8 2.34748e-15 8.28694 0 0.952786
16 0.8 8.10781 0 0.837089 0.0127196
17 0.8 8.06364 0.847523 0.83599 0.0872395
18 0.8 7.93181 1.68596 0.826106 0.174413
19 0.8 7.71349 2.50626 0.80929 0.261359
20 0.8 7.41078 3.29949 0.78503 0.347697
21 0.8 7.02672 4.05688 0.752748 0.432781
22 0.8 6.56531 4.76998 0.711961 0.51568
23 0.8 6.0315 5.43078 0.662302 0.595213
24 0.8 5.43111 6.03186 0.603615 0.669905
25 0.8 4.77088 6.56655 0.536189 0.738305
26 0.8 4.05815 7.02891 0.460583 0.798925
27 0.8 3.3009 7.41394 0.377713 0.850371
28 0.8 2.50759 7.71758 0.28876 0.89148
29 0.8 1.687 7.93669 0.195141 0.921417
30 0.8 0.848088 8.06902 0.098365 0.939619
31 0.8 2.29828e-15 8.11326 0 0.945806
32 0.8 7.91209 0 0.805845 0.0125382
33 0.8 7.86923 0.827089 0.805106 0.083371
34 0.8 7.7415 1.64551 0.796286 0.16684
35 0.8 7.52988 2.44661 0.781244 0.250421
36 0.8 7.23621 3.22177 0.759409 0.333906
37 0.8 6.86329 3.96253 0.730148 0.416845
38 0.8 6.41473 4.66057 0.692752 0.498404
39 0.8 5.8952 5.30806 0.646702 0.577483
40 0.8 5.31012 5.89749 0.591507 0.652493
41 0.8 4.66598 6.42217 0.527244 0.721833
42 0.8 3.96995 6.87615 0.454314 0.783745
43 0.8 3.22988 7.25444 0.373613 0.836766
44 0.8 2.45408 7.55287 0.286281 0.879424
45 0.8 1.6512 7.76827 0.193796 0.910678
46 0.8 0.830155 7.8984 0.0977988 0.929879
47 0.8 2.24975e-15 7.94193 0 0.936122
48 0.8 7.71136 0 0.771934 0.0122997
49 0.8 7.66986 0.806135 0.77148 0.0791487
50 0.8 7.54645 1.60405 0.763587 0.158514
51 0.8 7.34189 2.38552 0.750086 0.238243
52 0.8 7.05777 3.14232 0.730448 0.318305
53 0.8 6.69652 3.86624 0.703977 0.398395
54 0.8 6.26147 4.54922 0.669914 0.4779
55 0.8 5.75671 5.18337 0.627441 0.555697
56 0.8 5.18754 5.76135 0.575995 0.630409
57 0.8 4.5601 6.27644 0.515375 0.700297
58 0.8 3.88128 6.72257 0.445783 0.763529
59 0.8 3.15867 7.09449 0.367762 0.818018
60 0.8 2.40054 7.3881 0.282593 0.862371
61 0.8 1.61545 7.6001 0.191689 0.895027
62 0.8 0.812265 7.72818 0.0968307 0.914798
63 0.8 2.20134e-15 7.77102 0 0.921504
64 0.8 7.50462 0 0.736007 0.0120085
65 0.8 7.4645 0.784551 0.735733 0.0746823
66 0.8 7.34564 1.56136 0.728546 0.149644
67 0.8 7.14843 2.32267 0.716266 0.225103
68 0.8 6.87432 3.06064 0.698416 0.301157
69 0.8 6.52531 3.76739 0.67433 0.377659
70 0.8 6.1043 4.43503 0.643193 0.454132
71 0.8 5.61519 5.05594 0.604227 0.529787
72 0.8 5.06269 5.62269 0.556642 0.603306
73 0.8 4.45254 6.12839 0.499925 0.672893
74 0.8 3.79138 6.56686 0.433981 0.736508
75 0.8 3.08672 6.93289 0.359325 0.792162
76 0.8 2.34659 7.22205 0.276925 0.8378
77 0.8 1.57949 7.43092 0.188254 0.871553
78 0.8 0.794292 7.55718 0.0952405 0.89231
79 0.8 2.15275e-15 7.5995 0 0.899733
80 0.8 7.29178 0 0.698765 0.0116664
81 0.8 7.25312 0.762334 0.698602 0.0700985
82 0.8 7.13892 1.51743 0.691908 0.140477
83 0.8 6.94931 2.25797 0.680475 0.211373
84 0.8 6.68547 2.97656 0.663929 0.282938
85 0.8 6.34914 3.66567 0.64167 0.355144
86 0.8 5.94282 4.31771 0.612995 0.427716
87 0.8 5.47 4.92521 0.577113 0.500086
88 0.8 4.93478 5.48063 0.533082 0.57106
89 0.8 4.34265 5.97714 0.480315 0.639095
90 0.8 3.69991 6.40844 0.418511 0.702253
91 0.8 3.01366 6.7688 0.347649 0.757975
92 0.8 2.29193 7.05383 0.268725 0.804176
93 0.8 1.54315 7.25994 0.183136 0.838831
94 0.8 0.776158 7.38465 0.0928184 0.860484
95 0.8 2.1037e-15 7.42634 0 0.867659
96 0.8 7.07336 0 0.660376 0.0112729
97 0.8 7.03622 0.739537 0.660272 0.065464
98 0.8 6.92673 1.47232 0.653887 0.131166
99 0.8 6.74478 2.19151 0.643016 0.197305
100 0.8 6.49145 2.89018 0.627384 0.264057
101 0.8 6.16806 3.56113 0.606453 0.331427
102 0.8 5.7768 4.19709 0.579673 0.399274
103 0.8 5.32068 4.79076 0.546288 0.467195
104 0.8 4.80335 5.33466 0.505408 0.534292
105 0.8 4.2299 5.82196 0.456366 0.59921
106 0.8 3.60618 6.24608 0.398671 0.660128
107 0.8 2.93907 6.60125 0.332225 0.714798
108 0.8 2.23628 6.88257 0.257584 0.760738
109 0.8 1.50621 7.08618 0.17597 0.795498
110 0.8 0.757743 7.20944 0.0893128 0.817222
111 0.8 2.05391e-15 7.25059 0 0.824278
112 0.8 6.84733 0 0.620042 0.0108132
113 0.8 6.81378 0.716157 0.620053 0.0607488
114 0.8 6.70883 1.42601 0.613847 0.121658
115 0.8 6.53358 2.12289 0.603295 0.182848
116 0.8 6.29124 2.80104 0.588322 0.244505
117 0.8 5.98073 3.45298 0.568347 0.306578
118 0.8 5.60462 4.07199 0.543007 0.369022
119 0.8 5.1665 4.65194 0.511698 0.431602
120 0.8 4.66685 5.18307 0.473516 0.493478
121 0.8 4.11258 5.66048 0.427982 0.55369
122 0.8 3.50881 6.07744 0.374443 0.610718
123 0.8 2.86179 6.42768 0.312616 0.662415
124 0.8 2.17896 6.70615 0.242936 0.706509
125 0.8 1.46824 6.90755 0.166269 0.740113
126 0.8 0.738687 7.02814 0.0844553 0.760849
127 0.8 2.00184e-15 7.06678 0 0.767771
128 0.94004 6.81901 0 0.635277 0.0110698
129 0.94004 6.78116 0.712729 0.63644 0.0621764
130 0.94004 6.67724 1.41929 0.629604 0.124378
131 0.94004 6.50634 2.11404 0.618372 0.186853
132 0.94004 6.26405 2.78893 0.601945 0.249214
133 0.94004 5.95662 3.43906 0.581622 0.312542
134 0.94004 5.5839 4.05694 0.554678 0.375434
135 0.94004 5.14754 4.63487 0.523524 0.439662
136 0.94004 4.65294 5.16761 0.483514 0.501683
137 0.94004 4.1014 5.6451 0.43595 0.561429
138 0.94004 3.49999 6.06216 0.381382 0.619097
139 0.94004 2.85578 6.4142 0.318846 0.672072
140 0.94004 2.17466 6.69291 0.247895 0.716873
141 0.94004 1.4658 6.89602 0.169883 0.751536
142 0.94004 0.737853 7.0202 0.0861419 0.770888
143 0.94004 1.99958e-15 7.05879 0 0.776488
144 1.09354 6.79235 0 0.658347 0.0114575
145 1.09354 6.75664 0.710151 0.655245 0.0637341
146 1.09354 6.65381 1.41431 0.648205 0.127546
147 1.09354 6.48162 2.10601 0.638839 0.192363
148 1.09354 6.24374 2.77989 0.620207 0.255943
149 1.09354 5.93745 3.42799 0.599101 0.320734
150 1.09354 5.56699 4.04466 0.572284 0.385837
151 1.09354 5.13306 4.62183 0.537241 0.449055
152 1.09354 4.64011 5.15336 0.498241 0.514203
153 1.09354 4.0926 5.63298 0.447865 0.573367
154 1.09354 3.49357 6.05105 0.390279 0.629699
155 1.09354 2.85086 6.40315 0.326002 0.682708
156 1.09354 2.1715 6.68319 0.253211 0.7274
157 1.09354 1.46388 6.88703 0.173593 0.762499
158 1.09354 0.737076 7.01281 0.0885291 0.783511
159 1.09354 1.99788e-15 7.05278 0 0.786183
160 1.25861 6.77463 0 0.68737 0.0119213
161 1.25861 6.74204 0.708617 0.684295 0.0664286
162 1.25861 6.63956 1.41128 0.67732 0.133188
163 1.25861 6.46718 2.10131 0.666159 0.200098
164 1.25861 6.23072 2.77409 0.648917 0.267502
165 1.25861 5.92605 3.42141 0.62494 0.333853
166 1.25861 5.55629 4.03688 0.597438 0.401541
167 1.25861 5.12524 4.61479 0.559396 0.465832
168 1.25861 4.63263 5.14506 0.517429 0.531391
169 1.25861 4.08708 5.62539 0.466506 0.593363
170 1.25861 3.48994 6.04476 0.404734 0.648298
171 1.25861 2.84827 6.39732 0.336988 0.7002
172 1.25861 2.16983 6.67804 0.260927 0.743375
173 1.25861 1.46282 6.88205 0.17845 0.777152
174 1.25861 0.736534 7.00766 0.0915892 0.800185
175 1.25861 1.99692e-15 7.04942 0 0.800591
176 1.43308 6.76654 0 0.721325 0.0123929
177 1.43308 6.73479 0.707855 0.720427 0.0700018
178 1.43308 6.6321 1.4097 0.712958 0.140244
179 1.43308 6.46055 2.09916 0.698402 0.209312
180 1.43308 6.22383 2.77103 0.681422 0.280087
181 1.43308 5.91989 3.41785 0.654405 0.348384
182 1.43308 5.55055 4.03271 0.623031 0.417043
183 1.43308 5.12052 4.61054 0.583236 0.483841
184 1.43308 4.62882 5.14082 0.536941 0.549128
185 1.43308 4.08346 5.6204 0.483823 0.61259
186 1.43308 3.48791 6.04123 0.419305 0.668137
187 1.43308 2.84706 6.39459 0.348212 0.719406
188 1.43308 2.16919 6.67607 0.269215 0.76188
189 1.43308 1.46247 6.88037 0.183836 0.794665
190 1.43308 0.736271 7.00515 0.0944422 0.817917
191 1.43308 1.99654e-15 7.04807 0 0.817758
192 1.61486 6.76215 0 0.752578 0.0127716
193 1.61486 6.72931 0.707279 0.752818 0.0733665
194 1.61486 6.62629 1.40846 0.744169 0.146181
195 1.61486 6.4556 2.09755 0.727294 0.217332
196 1.61486 6.21811 2.76848 0.707977 0.289741
197 1.61486 5.91443 3.4147 0.679366 0.360343
198 1.61486 5.5455 4.02904 0.643901 0.42944
199 1.61486 5.11506 4.60562 0.602693 0.498466
200 1.61486 4.62483 5.1364 0.552397 0.563025
201 1.61486 4.07914 5.61446 0.496095 0.62608
202 1.61486 3.48429 6.03497 0.429331 0.681574
203 1.61486 2.84429 6.38838 0.355256 0.731561
204 1.61486 2.16734 6.67038 0.274147 0.773016
205 1.61486 1.46137 6.87522 0.187121 0.805215
206 1.61486 0.735654 6.99928 0.0959316 0.828428
207 1.61486 1.99518e-15 7.04328 0 0.82871
208 1.80207 6.75579 0 0.775873 0.0131113
209 1.80207 6.72051 0.706354 0.77707 0.0759241
210 1.80207 6.61787 1.40667 0.767428 0.15041
211 1.80207 6.44812 2.09512 0.749105 0.223638
212 1.80207 6.21064 2.76515 0.7277 0.297205
213 1.80207 5.90753 3.41072 0.698184 0.36988
214 1.80207 5.53914 4.02442 0.660112 0.439577
215 1.80207 5.10799 4.59925 0.617392 0.509638
216 1.80207 4.61863 5.12951 0.563625 0.573056
217 1.80207 4.07341 5.60657 0.504063 0.63454
218 1.80207 3.47835 6.02468 0.436137 0.689974
219 1.80207 2.83895 6.37639 0.359666 0.73771
220 1.80207 2.16293 6.65683 0.276387 0.776177
221 1.80207 1.45832 6.86086 0.188027 0.805821
222 1.80207 0.733989 6.98344 0.0958026 0.826606
223 1.80207 1.99096e-15 7.02836 0 0.830323
224 1.99322 6.74408 0 0.791848 0.0134126
225 1.99322 6.70686 0.704919 0.794902 0.0777202
226 1.99322 6.60516 1.40397 0.784176 0.153448
227 1.99322 6.43618 2.09124 0.764353 0.228302
228 1.99322 6.19879 2.75988 0.740484 0.302287
229 1.99322 5.89558 3.40382 0.709417 0.375229
230 1.99322 5.52687 4.0155 0.669154 0.445264
231 1.99322 5.09602 4.58848 0.623319 0.513533
232 1.99322 4.60688 5.11646 0.569425 0.577975
233 1.99322 4.06269 5.59182 0.506706 0.63681
234 1.99322 3.46859 6.00777 0.437535 0.691338
235 1.99322 2.83079 6.35806 0.360872 0.738144
236 1.99322 2.15639 6.63669 0.277566 0.776325
237 1.99322 1.45367 6.839 0.188446 0.804221
238 1.99322 0.731624 6.96093 0.0953082 0.821134
239 1.99322 1.98356e-15 7.00226 0 0.830169
240 2.18716 6.72392 0 0.801227 0.0136146
241 2.18716 6.68597 0.702724 0.801513 0.0781573
242 2.18716 6.58468 1.39962 0.789706 0.154286
243 2.18716 6.41563 2.08456 0.771386 0.230395
244 2.18716 6.17838 2.75079 0.745152 0.304214
245 2.18716 5.87501 3.39194 0.711932 0.376497
246 2.18716 5.50726 4.00126 0.673022 0.448062
247 2.18716 5.07778 4.57206 0.624358 0.514381
248 2.18716 4.58853 5.09608 0.570026 0.578148
249 2.18716 4.04599 5.56883 0.507584 0.636526
250 2.18716 3.45392 5.98237 0.436253 0.687838
251 2.18716 2.81831 6.33003 0.358683 0.732667
252 2.18716 2.14663 6.60664 0.275749 0.770374
253 2.18716 1.44695 6.80738 0.18775 0.798913
254 2.18716 0.728503 6.93124 0.0945593 0.814292
255 2.18716 1.97427e-15 6.96944 0 0.820332
256 2.38303 6.69063 0 0.801295 0.0138001
257 2.38303 6.6564 0.699616 0.79844 0.0774974
258 2.38303 6.55473 1.39325 0.787223 0.153911
259 2.38303 6.38478 2.07454 0.769717 0.229996
260 2.38303 6.1486 2.73753 0.743368 0.303979
261 2.38303 5.84593 3.37515 0.710099 0.376242
262 2.38303 5.47889 3.98065 0.668931 0.445175
263 2.38303 5.04966 4.54673 0.6213 0.512155
264 2.38303 4.5643 5.06917 0.565194 0.573435
265 2.38303 4.02326 5.53754 0.501847 0.630071
266 2.38303 3.43394 5.94776 0.432185 0.681561
267 2.38303 2.80156 6.29241 0.356146 0.726553
268 2.38303 2.13383 6.56726 0.272137 0.760823
269 2.38303 1.43824 6.76641 0.184366 0.786637
270 2.38303 0.723922 6.88766 0.0936169 0.803666
271 2.38303 1.96335e-15 6.9309 0 0.807549
272 2.58024 6.65051 0 0.793763 0.0135683
273 2.58024 6.61619 0.69539 0.794206 0.0771535
274 2.58024 6.51342 1.38447 0.78321 0.153871
275 2.58024 6.34438 2.06141 0.763096 0.228121
276 2.58024 6.10792 2.71942 0.73713 0.301682
277 2.58024 5.80684 3.35258 0.703296 0.372527
278 2.58024 5.44203 3.95387 0.663043 0.44169
279 2.58024 5.0167 4.51706 0.614509 0.506118
280 2.58024 4.53264 5.03401 0.558713 0.567008
281 2.58024 3.995 5.49864 0.496664 0.623456
282 2.58024 3.40913 5.90479 0.426229 0.672501
283 2.58024 2.78133 6.24697 0.349159 0.714306
284 2.58024 2.11817 6.51905 0.267637 0.749175
285 2.58024 1.42785 6.71749 0.181204 0.774973
286 2.58024 0.718776 6.83869 0.091117 0.789593
287 2.58024 1.94875e-15 6.87936 0 0.796137
288 2.77835 6.59974 0 0.785295 0.0134383
289 2.77835 6.56262 0.689759 0.782817 0.0758351
290 2.77835 6.46117 1.37336 0.771611 0.150924
291 2.77835 6.29244 2.04454 0.753636 0.2253
292 2.77835 6.05917 2.69772 0.727447 0.297302
293 2.77835 5.75979 3.32542 0.694369 0.367786
294 2.77835 5.39706 3.92119 0.653398 0.43482
295 2.77835 4.97451 4.47907 0.605191 0.498557
296 2.77835 4.49423 4.99135 0.550069 0.558679
297 2.77835 3.96118 5.4521 0.487314 0.612973
298 2.77835 3.38026 5.85477 0.418089 0.66129
299 2.77835 2.75733 6.19307 0.343196 0.702929
300 2.77835 2.09953 6.4617 0.262156 0.735737
301 2.77835 1.41509 6.65748 0.176993 0.75951
302 2.77835 0.71226 6.77671 0.0890972 0.774567
303 2.77835 1.93106e-15 6.8169 0 0.778757
304 2.97708 6.53626 0 0.770881 0.0133031
305 2.97708 6.50296 0.683489 0.770868 0.073942
306 2.97708 6.40139 1.36066 0.760111 0.1483
307 2.97708 6.23459 2.02574 0.741355 0.221111
308 2.97708 6.00061 2.67164 0.715653 0.292403
309 2.97708 5.70368 3.29302 0.682873 0.36145
310 2.97708 5.34562 3.88382 0.642375 0.427499
311 2.97708 4.92578 4.43519 0.594419 0.489881
312 2.97708 4.44948 4.94164 0.539776 0.54831
313 2.97708 3.92181 5.39791 0.477909 0.601379
314 2.97708 3.34613 5.79566 0.409871 0.648486
315 2.97708 2.72911 6.12968 0.335427 0.688171
316 2.97708 2.07821 6.39608 0.25652 0.720781
317 2.97708 1.40097 6.59104 0.173389 0.744993
318 2.97708 0.705221 6.70973 0.0874275 0.758748
319 2.97708 1.91147e-15 6.74774 0 0.763601
320 3.17623 6.46437 0 0.756892 0.0131665
321 3.17623 6.43101 0.675926 0.755525 0.0730531
322 3.17623 6.33096 1.34569 0.744553 0.1452
323 3.17623 6.164 2.00281 0.726587 0.216649
324 3.17623 5.93452 2.64222 0.701594 0.286583
325 3.17623 5.64045 3.25651 0.668972 0.354208
326 3.17623 5.28451 3.83942 0.629022 0.418844
327 3.17623 4.86938 4.38441 0.582206 0.480128
328 3.17623 4.39863 4.88518 0.528391 0.537151
329 3.17623 3.87616 5.33508 0.467907 0.588881
330 3.17623 3.30676 5.72748 0.400394 0.634131
331 3.17623 2.69704 6.05766 0.328088 0.67323
332 3.17623 2.05375 6.32078 0.250407 0.704288
333 3.17623 1.38391 6.51079 0.169018 0.726321
334 3.17623 0.696428 6.62607 0.0852712 0.740321
335 3.17623 1.88777e-15 6.66408 0 0.744812
336 3.37565 6.38057 0 0.739816 0.0131674
337 3.37565 6.34739 0.667137 0.738903 0.0713184
338 3.37565 6.2492 1.32831 0.728488 0.142241
339 3.37565 6.08581 1.9774 0.710884 0.2121
340 3.37565 5.85719 2.60779 0.685617 0.280181
341 3.37565 5.5667 3.21393 0.653882 0.3463
342 3.37565 5.21518 3.78905 0.614696 0.409522
343 3.37565 4.80525 4.32666 0.568652 0.46914
344 3.37565 4.33985 4.81989 0.515715 0.524633
345 3.37565 3.82372 5.26289 0.456167 0.574854
346 3.37565 3.26211 5.65014 0.390863 0.619305
347 3.37565 2.66012 5.97472 0.319579 0.656601
348 3.37565 2.02523 6.23301 0.244006 0.686658
349 3.37565 1.36496 6.42161 0.164908 0.709273
350 3.37565 0.686897 6.53539 0.0830348 0.722495
351 3.37565 1.86195e-15 6.57296 0 0.727202
352 3.57527 6.28736 0 0.722365 0.0128855
353 3.57527 6.25324 0.657242 0.721045 0.0696756
354 3.57527 6.15549 1.30839 0.71046 0.13873
355 3.57527 5.99468 1.94779 0.693229 0.206856
356 3.57527 5.76999 2.56896 0.669026 0.273463
357 3.57527 5.48286 3.16553 0.637423 0.337676
358 3.57527 5.13622 3.73169 0.599272 0.399387
359 3.57527 4.73197 4.26069 0.554016 0.457291
360 3.57527 4.2737 4.74642 0.50229 0.511233
361 3.57527 3.76469 5.18165 0.444066 0.559952
362 3.57527 3.21102 5.56165 0.380253 0.603093
363 3.57527 2.61834 5.88088 0.311012 0.639458
364 3.57527 1.99331 6.13479 0.237476 0.668849
365 3.57527 1.34304 6.31852 0.160227 0.689701
366 3.57527 0.675734 6.42918 0.0807453 0.702522
367 3.57527 1.83175e-15 6.46635 0 0.706956
368 3.77501 6.17832 0 0.702823 0.0127957
369 3.77501 6.14601 0.645972 0.701994 0.067778
370 3.77501 6.05058 1.28609 0.691885 0.135123
371 3.77501 5.89217 1.91448 0.674717 0.201392
372 3.77501 5.67026 2.52456 0.65079 0.266094
373 3.77501 5.38894 3.11131 0.620272 0.328751
374 3.77501 5.04724 3.66703 0.582818 0.388488
375 3.77501 4.6492 4.18615 0.538677 0.444825
376 3.77501 4.1981 4.66247 0.48819 0.497151
377 3.77501 3.69828 5.09024 0.431737 0.544565
378 3.77501 3.15383 5.46259 0.369252 0.586082
379 3.77501 2.57135 5.77535 0.30219 0.621657
380 3.77501 1.957 6.02302 0.230398 0.649521
381 3.77501 1.31859 6.20347 0.15556 0.670324
382 3.77501 0.663537 6.31313 0.0783811 0.683093
383 3.77501 1.79819e-15 6.34785 0 0.687089
384 3.97484 6.05622 0 0.6825 0.0127194
385 3.97484 6.02514 0.633267 0.681725 0.0658358
386 3.97484 5.93078 1.26063 0.671771 0.131217
387 3.97484 5.77536 1.87653 0.65534 0.195651
388 3.97484 5.55795 2.47456 0.631939 0.258429
389 3.97484 5.28134 3.04918 0.602103 0.319211
390 3.97484 4.94625 3.59366 0.565666 0.377218
391 3.97484 4.556 4.10224 0.522795 0.431951
392 3.97484 4.11354 4.56855 0.473548 0.482446
393 3.97484 3.62322 4.98693 0.418784 0.528449
394 3.97484 3.08895 5.35022 0.358209 0.568671
395 3.97484 2.51783 5.65515 0.292847 0.602833
396 3.97484 1.91636 5.89795 0.223519 0.630169
397 3.97484 1.29072 6.07236 0.150886 0.650258
398 3.97484 0.649341 6.17807 0.0760021 0.662253
399 3.97484 1.76024e-15 6.21391 0 0.666492
400 4.17472 5.91941 0 0.661841 0.0126261
401 4.17472 5.88786 0.618839 0.660837 0.0639297
402 4.17472 5.79659 1.2321 0.651138 0.127244
403 4.17472 5.64321 1.83359 0.634971 0.189609
404 4.17472 5.43134 2.41819 0.612448 0.250555
405 4.17472 5.16011 2.97919 0.583288 0.309319
406 4.17472 4.83271 3.51117 0.548022 0.365589
407 4.17472 4.45076 4.00748 0.506346 0.418506
408 4.17472 4.01787 4.4623 0.458554 0.467354
409 4.17472 3.53831 4.87007 0.405327 0.511717
410 4.17472 3.01615 5.22413 0.346851 0.55082
411 4.17472 2.45797 5.52068 0.283345 0.583598
412 4.17472 1.87019 5.75585 0.216302 0.61034
413 4.17472 1.25966 5.92624 0.145979 0.629487
414 4.17472 0.633634 6.02862 0.0735644 0.64116
415 4.17472 1.71768e-15 6.06365 0 0.645208
416 4.37464 5.76392 0 0.64016 0.0124661
417 4.37464 5.73361 0.602626 0.639448 0.0617964
418 4.37464 5.64362 1.19959 0.629979 0.123098
419 4.37464 5.49526 1.78552 0.61412 0.183396
420 4.37464 5.2883 2.3545 0.592286 0.242311
421 4.37464 5.02413 2.90068 0.564034 0.29919
422 4.37464 4.70524 3.41856 0.529871 0.353598
423 4.37464 4.33254 3.90104 0.489482 0.404675
424 4.37464 3.91025 4.34278 0.443243 0.451901
425 4.37464 3.44276 4.73856 0.391614 0.494619
426 4.37464 2.93432 5.08239 0.334903 0.532386
427 4.37464 2.39092 5.3701 0.273904 0.564272
428 4.37464 1.81896 5.59818 0.208897 0.58975
429 4.37464 1.22472 5.76187 0.140972 0.608185
430 4.37464 0.616114 5.86194 0.0710078 0.619601
431 4.37464 1.67036e-15 5.89661 0 0.623409
432 4.57459 5.59021 0 0.617569 0.0124157
433 4.57459 5.56071 0.584454 0.617079 0.0595961
434 4.57459 5.4741 1.16356 0.607942 0.118807
435 4.57459 5.32942 1.73163 0.592724 0.177042
436 4.57459 5.12845 2.28333 0.571497 0.233826
437 4.57459 4.87221 2.81297 0.544323 0.288768
438 4.57459 4.56216 3.3146 0.511139 0.34115
439 4.57459 4.20051 3.78216 0.472084 0.390392
440 4.57459 3.79098 4.21031 0.427502 0.435936
441 4.57459 3.33643 4.59221 0.377634 0.477115
442 4.57459 2.8432 4.92456 0.322905 0.513407
443 4.57459 2.31674 5.20348 0.26411 0.544276
444 4.57459 1.7619 5.42256 0.201383 0.568582
445 4.57459 1.18633 5.58123 0.135927 0.586471
446 4.57459 0.596789 5.67807 0.0684288 0.597411
447 4.57459 1.61755e-15 5.71016 0 0.601035
448 4.77455 5.39722 0 0.594287 0.0124107
449 4.77455 5.3693 0.564336 0.5939 0.0573698
450 4.77455 5.2868 1.12374 0.585219 0.114397
451 4.77455 5.14635 1.67215 0.570607 0.170449
452 4.77455 4.95163 2.20461 0.550054 0.225095
453 4.77455 4.70419 2.71597 0.52389 0.277917
454 4.77455 4.40391 3.19963 0.491814 0.328248
455 4.77455 4.05454 3.65073 0.454208 0.375642
456 4.77455 3.65857 4.06326 0.41136 0.41952
457 4.77455 3.21957 4.43136 0.363292 0.45907
458 4.77455 2.74349 4.75187 0.310614 0.49387
459 4.77455 2.23489 5.01964 0.25396 0.523448
460 4.77455 1.69954 5.23064 0.19365 0.546795
461 4.77455 1.14437 5.38383 0.130707 0.564042
462 4.77455 0.575614 5.4766 0.0657977 0.574428
463 4.77455 1.56012e-15 5.50743 0 0.577875
464 4.97453 5.18681 0 0.570222 0.0123927
465 4.97453 5.16041 0.542381 0.569924 0.0550687
466 4.97453 5.08105 1.08001 0.561594 0.109782
467 4.97453 4.94588 1.60701 0.54755 0.163542
468 4.97453 4.75867 2.11869 0.527777 0.21598
469 4.97453 4.52005 2.60965 0.502596 0.266599
470 4.97453 4.23143 3.07432 0.471793 0.3149
471 4.97453 3.89525 3.5073 0.435784 0.360409
472 4.97453 3.51414 3.90285 0.394477 0.402296
473 4.97453 3.09243 4.25637 0.348314 0.440182
474 4.97453 2.63486 4.56372 0.297794 0.473538
475 4.97453 2.14619 4.82042 0.243416 0.501772
476 4.97453 1.63198 5.0227 0.185591 0.524047
477 4.97453 1.09874 5.16916 0.125233 0.54056
478 4.97453 0.552616 5.25779 0.0630468 0.550454
479 4.97453 1.49788e-15 5.28772 0 0.553713
480 5.17452 4.9601 0 0.545062 0.0123615
481 5.17452 4.9349 0.518679 0.544893 0.052638
482 5.17452 4.85747 1.03249 0.536816 0.104891
483 5.17452 4.7289 1.53651 0.523364 0.156294
484 5.17452 4.54938 2.02551 0.504425 0.206372
485 5.17452 4.32087 2.49466 0.480305 0.254712
486 5.17452 4.04478 2.9387 0.450841 0.300881
487 5.17452 3.723 3.3522 0.416231 0.344212
488 5.17452 3.35875 3.73026 0.376787 0.384253
489 5.17452 2.95464 4.06672 0.332516 0.420246
490 5.17452 2.51746 4.36036 0.284317 0.452084
491 5.17452 2.05049 4.60548 0.232372 0.479025
492 5.17452 1.55916 4.79859 0.177167 0.500227
493 5.17452 1.04952 4.93761 0.119457 0.515718
494 5.17452 0.527846 5.02212 0.0601559 0.525346
495 5.17452 1.43069e-15 5.05052 0 0.528454
496 5.3745 4.71684 0 0.518521 0.0123424
497 5.3745 4.692 0.493149 0.518488 0.0500674
498 5.3745 4.61658 0.981285 0.510715 0.0997099
499 5.3745 4.49528 1.4606 0.497934 0.148684
500 5.3745 4.32365 1.92501 0.479805 0.196209
501 5.3745 4.10633 2.37079 0.456779 0.242177
502 5.3745 3.84356 2.79251 0.428737 0.286085
503 5.3745 3.53787 3.18551 0.39585 0.327313
504 5.3745 3.19102 3.54398 0.358218 0.365284
505 5.3745 2.80714 3.8637 0.316079 0.399422
506 5.3745 2.39122 4.14171 0.270167 0.42956
507 5.3745 1.94762 4.37444 0.220762 0.455046
508 5.3745 1.48062 4.55688 0.16819 0.475073
509 5.3745 0.996659 4.68891 0.11343 0.48964
510 5.3745 0.501246 4.76904 0.057129 0.498813
511 5.3745 1.35874e-15 4.79653 0 0.502007
512 5.5745 4.45207 0 0.490485 0.01237
513 5.5745 4.42784 0.465385 0.490414 0.0473519
514 5.5745 4.35852 0.926432 0.483148 0.0943199
515 5.5745 4.24314 1.37868 0.470983 0.140549
516 5.5745 4.0809 1.81693 0.45378 0.185503
517 5.5745 3.87546 2.2375 0.431927 0.22893
518 5.5745 3.62734 2.63542 0.405357 0.270422
519 5.5745 3.33784 3.00541 0.374129 0.309273
520 5.5745 3.0104 3.34339 0.338475 0.345097
521 5.5745 2.64861 3.64549 0.298759 0.377444
522 5.5745 2.25528 3.90626 0.255165 0.405638
523 5.5745 1.8363 4.12439 0.208295 0.429402
524 5.5745 1.39595 4.2963 0.158594 0.448358
525 5.5745 0.939916 4.42196 0.107078 0.46237
526 5.5745 0.472629 4.49676 0.0538998 0.470587
527 5.5745 1.28087e-15 4.52166 0 0.473472
528 5.77449 4.16677 0 0.460566 0.0123975
529 5.77449 4.14531 0.43569 0.46073 0.0444426
530 5.77449 4.08064 0.867366 0.453874 0.0885728
531 5.77449 3.97073 1.29017 0.442265 0.131892
532 5.77449 3.82036 1.70093 0.426291 0.174248
533 5.77449 3.62728 2.09421 0.405612 0.215053
534 5.77449 3.39368 2.46565 0.380464 0.253762
535 5.77449 3.12211 2.81116 0.351018 0.290076
536 5.77449 2.81521 3.12661 0.317423 0.323572
537 5.77449 2.47721 3.40958 0.28026 0.354054
538 5.77449 2.10859 3.65218 0.239206 0.380256
539 5.77449 1.71639 3.85507 0.195166 0.402373
540 5.77449 1.30532 4.01735 0.148905 0.42045
541 5.77449 0.878113 4.13119 0.100242 0.432859
542 5.77449 0.441721 4.20269 0.0504708 0.44091
543 5.77449 1.197e-15 4.22559 0 0.443454
544 5.97449 3.85777 0 0.428372 0.0124397
545 5.97449 3.83656 0.403239 0.428671 0.0413531
546 5.97449 3.77551 0.80251 0.422164 0.0823382
547 5.97449 3.67472 1.19399 0.411351 0.122668
548 5.97449 3.53359 1.57326 0.396255 0.161832
549 5.97449 3.35521 1.93713 0.377005 0.19974
550 5.97449 3.13854 2.28028 0.353542 0.235675
551 5.97449 2.88705 2.59951 0.326085 0.26937
552 5.97449 2.60222 2.89006 0.294688 0.300288
553 5.97449 2.28842 3.14974 0.259958 0.328328
554 5.97449 1.94861 3.37509 0.221946 0.352811
555 5.97449 1.58603 3.56228 0.181161 0.373398
556 5.97449 1.20446 3.70694 0.13768 0.389153
557 5.97449 0.811521 3.81791 0.093076 0.401794
558 5.97449 0.407714 3.87914 0.0467833 0.408458
559 5.97449 1.10482e-15 3.90016 0 0.410798
560 6.17449 3.51658 0 0.393083 0.0125055
561 6.17449 3.49803 0.367657 0.393598 0.0379283
562 6.17449 3.4415 0.731514 0.387629 0.0755387
563 6.17449 3.34874 1.08807 0.377663 0.112532
564 6.17449 3.22095 1.43406 0.363816 0.148604
565 6.17449 3.05574 1.76423 0.345852 0.183124
566 6.17449 2.85761 2.07618 0.324155 0.216017
567 6.17449 2.62809 2.36634 0.298871 0.246906
568 6.17449 2.36841 2.63038 0.270065 0.275209
569 6.17449 2.08135 2.86473 0.237974 0.300503
570 6.17449 1.77135 3.06807 0.203046 0.322713
571 6.17449 1.44168 3.23807 0.165641 0.341424
572 6.17449 1.09574 3.37233 0.126204 0.356425
573 6.17449 0.736737 3.46607 0.0849194 0.366669
574 6.17449 0.37028 3.52298 0.0427028 0.372981
575 6.17449 1.00385e-15 3.54372 0 0.375428
576 6.37449 3.13329 0 0.353738 0.0126168
577 6.37449 3.11652 0.327559 0.354442 0.0341666
578 6.37449 3.06618 0.651737 0.348941 0.0680049
579 6.37449 2.9836 0.96943 0.339914 0.10123
580 6.37449 2.86656 1.27628 0.327107 0.133499
581 6.37449 2.71813 1.56931 0.310621 0.164376
582 6.37449 2.54266 1.84735 0.291275 0.194048
583 6.37449 2.33672 2.10399 0.268307 0.221562
584 6.37449 2.10465 2.33745 0.242299 0.24683
585 6.37449 1.84936 2.54543 0.213383 0.269473
586 6.37449 1.57205 2.72287 0.181817 0.288846
587 6.37449 1.27878 2.8722 0.14819 0.305461
588 6.37449 0.972542 2.99318 0.112973 0.319067
589 6.37449 0.653212 3.07312 0.0758957 0.327835
590 6.37449 0.328335 3.1239 0.0381765 0.333534
591 6.37449 8.90118e-16 3.14224 0 0.335712
592 6.57448 2.68888 0 0.307651 0.01276
593 6.57448 2.67467 0.281119 0.308669 0.0297388
594 6.57448 2.63264 0.559586 0.304004 0.0592394
595 6.57448 2.55921 0.831536 0.295766 0.0880996
596 6.57448 2.45769 1.09423 0.284463 0.116095
597 6.57448 2.32939 1.34487 0.269962 0.142884
598 6.57448 2.1775 1.58205 0.252959 0.168543
599 6.57448 2.00032 1.8011 0.232894 0.192351
600 6.57448 1.80023 1.99936 0.209998 0.214038
601 6.57448 1.57969 2.17426 0.184631 0.233227
602 6.57448 1.34201 2.32442 0.157157 0.249762
603 6.57448 1.09103 2.4505 0.128002 0.263925
604 6.57448 0.828487 2.54982 0.0973602 0.27504
605 6.57448 0.55756 2.62311 0.0656092 0.283409
606 6.57448 0.279805 2.66216 0.0329325 0.287707
607 6.57448 7.57769e-16 2.67503 0 0.289141
608 6.77448 2.14055 0 0.249375 0.0129608
609 6.77448 2.12799 0.223661 0.25054 0.0241458
610 6.77448 2.09072 0.444397 0.246187 0.0479899
611 6.77448 2.0364 0.661665 0.240219 0.071577
612 6.77448 1.95436 0.870135 0.230763 0.0942523
613 6.77448 1.84918 1.06762 0.218577 0.115763
614 6.77448 1.72585 1.2539 0.204306 0.136241
615 6.77448 1.58414 1.42637 0.187917 0.155311
616 6.77448 1.42383 1.58132 0.169151 0.172503
617 6.77448 1.24719 1.71661 0.148383 0.187512
618 6.77448 1.0587 1.83373 0.126123 0.200672
619 6.77448 0.859747 1.93102 0.102613 0.211627
620 6.77448 0.652826 2.00919 0.0779715 0.22061
621 6.77448 0.437997 2.06061 0.0523648 0.226323
622 6.77448 0.219824 2.09149 0.0262947 0.22976
623 6.77448 5.95441e-16 2.10199 0 0.230976
624 6.97448 1.33949 0 0.159809 0.0132537
625 6.97448 1.33249 0.14005 0.161733 0.0156257
626 6.97448 1.30842 0.278114 0.15885 0.031048
627 6.97448 1.26973 0.41256 0.154262 0.0460882
628 6.97448 1.21767 0.542144 0.148004 0.0605851
629 6.97448 1.15037 0.664165 0.13991 0.0742717
630 6.97448 1.06976 0.777227 0.130119 0.0869294
631 6.97448 0.978932 0.881435 0.119264 0.0987483
632 6.97448 0.877472 0.974532 0.106995 0.109306
633 6.97448 0.767782 1.05676 0.0937006 0.118638
634 6.97448 0.650503 1.1267 0.0794501 0.126605
635 6.97448 0.527396 1.18455 0.0644636 0.13326
636 6.97448 0.399278 1.22885 0.048866 0.138422
637 6.97448 0.267923 1.26048 0.032786 0.141942
638 6.97448 0.134507 1.27975 0.0164624 0.144145
639 6.97448 3.64328e-16 1.28613 0 0.144977
640 6.97448 0 0 0 0
641 6.97448 0 0 0 0
642 6.97448 0 0 0 0
643 6.97448 0 0 0 0
644 6.97448 0 0 0 0
645 6.97448 0 0 0 0
646 6.97448 0 0 0 0
647 6.97448 0 0 0 0
648 6.97448 0 0 0 0
649 6.97448 0 0 0 0
650 6.97448 0 0 0 0
651 6.97448 0 0 0 0
652 6.97448 0 0 0 0
653 6.97448 0 0 0 0
654 6.97448 0 0 0 0
655 6.97448 0 0 0 0
