0 0.8 8.76367 0 0.70905 0.00997279
1 0.8 8.71548 0.916034 0.707593 0.0747852
2 0.8 8.57124 1.82187 0.697824 0.149189
3 0.8 8.3326 2.70743 0.681407 0.222777
4 0.8 8.00215 3.56279 0.658102 0.294983
5 0.8 7.58368 4.37844 0.627729 0.36509
6 0.8 7.08186 5.14527 0.590184 0.432252
7 0.8 6.50243 5.85482 0.545522 0.495506
8 0.8 5.85201 6.49932 0.494005 0.553843
9 0.8 5.13799 7.07184 0.436122 0.606377
10 0.8 4.36847 7.56642 0.372518 0.652175
11 0.8 3.55197 7.97785 0.304007 0.690545
12 0.8 2.69748 8.30199 0.231513 0.720925
13 0.8 1.81439 8.53603 0.156025 0.742897
14 0.8 0.912007 8.67717 0.0785125 0.756167
15 0.8 2.47141e-15 8.72441 0 0.760625
16 0.8 8.57958 0 0.692824 0.00995939
17 0.8 8.53261 0.896813 0.691613 0.0727846
18 0.8 8.39196 1.78377 0.682731 0.145358
19 0.8 8.15917 2.65107 0.667594 0.217384
20 0.8 7.83672 3.48913 0.64602 0.288453
21 0.8 7.42808 4.2886 0.617632 0.357915
22 0.8 6.93773 5.04055 0.58215 0.424922
23 0.8 6.37117 5.73663 0.539511 0.488506
24 0.8 5.73479 6.36913 0.489807 0.547559
25 0.8 5.03579 6.93117 0.433403 0.600972
26 0.8 4.28207 7.41676 0.370969 0.647871
27 0.8 3.48207 7.82085 0.303263 0.68728
28 0.8 2.64464 8.13936 0.231257 0.718554
29 0.8 1.7789 8.36906 0.155993 0.741236
30 0.8 0.894194 8.50769 0.078543 0.754997
31 0.8 2.42318e-15 8.55417 0 0.759573
32 0.8 8.39509 0 0.674356 0.00990923
33 0.8 8.34925 0.877542 0.673355 0.0704698
34 0.8 8.21241 1.7456 0.665355 0.140887
35 0.8 7.9857 2.59471 0.651634 0.211065
36 0.8 7.67149 3.41557 0.631859 0.280695
37 0.8 7.273 4.19907 0.605616 0.349248
38 0.8 6.79443 4.93644 0.572457 0.415938
39 0.8 6.24097 5.6194 0.532123 0.479751
40 0.8 5.61879 6.2403 0.484536 0.539496
41 0.8 4.93492 6.79233 0.429986 0.594035
42 0.8 4.197 7.26942 0.368966 0.64214
43 0.8 3.41337 7.66655 0.302273 0.682827
44 0.8 2.59273 7.97959 0.230897 0.715277
45 0.8 1.74411 8.20539 0.155938 0.738872
46 0.8 0.876758 8.3418 0.0785711 0.753116
47 0.8 2.37593e-15 8.38735 0 0.757962
48 0.8 8.20791 0 0.65317 0.00981306
49 0.8 8.16333 0.858001 0.652449 0.0678073
50 0.8 8.03038 1.70691 0.645214 0.135678
51 0.8 7.81013 2.53766 0.632852 0.203605
52 0.8 7.50455 3.34124 0.614906 0.271385
53 0.8 7.11665 4.1088 0.590893 0.338626
54 0.8 6.65032 4.83174 0.560243 0.404638
55 0.8 6.11044 5.50187 0.522523 0.468441
56 0.8 5.50285 6.11154 0.477427 0.528772
57 0.8 4.83434 6.6539 0.425056 0.584318
58 0.8 4.1124 7.12288 0.365827 0.63372
59 0.8 3.34519 7.51342 0.300485 0.675829
60 0.8 2.54132 7.82136 0.230011 0.709588
61 0.8 1.70971 8.04355 0.155568 0.734145
62 0.8 0.859514 8.17773 0.0784584 0.749144
63 0.8 2.32926e-15 8.2226 0 0.75419
64 0.8 8.01719 0 0.629706 0.00967307
65 0.8 7.97397 0.838098 0.629232 0.0648543
66 0.8 7.84509 1.66753 0.622656 0.12986
67 0.8 7.63152 2.47963 0.611441 0.195116
68 0.8 7.33498 3.26574 0.595143 0.260569
69 0.8 6.95815 4.01729 0.57322 0.325949
70 0.8 6.50456 4.72584 0.545042 0.390706
71 0.8 5.97876 5.3833 0.510016 0.453945
72 0.8 5.38623 5.98201 0.467676 0.514444
73 0.8 4.73351 6.51511 0.417897 0.570758
74 0.8 4.02787 6.97647 0.360963 0.621487
75 0.8 3.27725 7.36082 0.297369 0.664933
76 0.8 2.49019 7.66402 0.228188 0.700044
77 0.8 1.67555 7.88284 0.154633 0.725871
78 0.8 0.842412 8.01501 0.0780741 0.741601
79 0.8 2.28298e-15 8.05925 0 0.746786
80 0.8 7.82311 0 0.604913 0.00949961
81 0.8 7.78127 0.817844 0.60459 0.0617367
82 0.8 7.65662 1.62746 0.598527 0.123671
83 0.8 7.44992 2.42062 0.588187 0.185958
84 0.8 7.16272 3.18905 0.573198 0.248644
85 0.8 6.79737 3.92446 0.553044 0.311612
86 0.8 6.35699 4.61863 0.527088 0.374448
87 0.8 5.8458 5.26358 0.494678 0.436457
88 0.8 5.26882 5.85162 0.455158 0.496453
89 0.8 4.63233 6.37586 0.40827 0.553092
90 0.8 3.94325 6.82991 0.353879 0.604543
91 0.8 3.20946 7.20856 0.292566 0.649319
92 0.8 2.4393 7.5074 0.225132 0.685731
93 0.8 1.64161 7.72318 0.152875 0.712614
94 0.8 0.825444 7.85358 0.0772799 0.729015
95 0.8 2.23706e-15 7.89714 0 0.734831
96 0.8 7.62648 0 0.579624 0.00929894
97 0.8 7.58597 0.797318 0.579389 0.0585791
98 0.8 7.46562 1.58687 0.573686 0.117363
99 0.8 7.26593 2.36085 0.563972 0.176523
100 0.8 6.98825 3.11137 0.549946 0.23616
101 0.8 6.63455 3.83046 0.531119 0.296223
102 0.8 6.20774 4.51018 0.506974 0.356497
103 0.8 5.71147 5.14263 0.47679 0.416408
104 0.8 5.1505 5.72021 0.439937 0.47507
105 0.8 4.53061 6.23585 0.395889 0.531073
106 0.8 3.8585 6.68312 0.344399 0.582742
107 0.8 3.14174 7.05647 0.2857 0.628209
108 0.8 2.38862 7.35142 0.220523 0.665623
109 0.8 1.60788 7.5645 0.150105 0.693531
110 0.8 0.808595 7.69327 0.0760178 0.710936
111 0.8 2.19153e-15 7.73639 0 0.716539
112 0.8 7.42708 0 0.554184 0.00907651
113 0.8 7.38719 0.776425 0.554005 0.0554406
114 0.8 7.27012 1.54531 0.548596 0.111069
115 0.8 7.07772 2.29969 0.53935 0.167046
116 0.8 6.81085 3.03239 0.525981 0.22348
117 0.8 6.46897 3.73486 0.508166 0.280367
118 0.8 6.05518 4.39934 0.485416 0.337556
119 0.8 5.57559 5.02029 0.457035 0.394713
120 0.8 5.03106 5.58756 0.422466 0.451073
121 0.8 4.42794 6.09454 0.381123 0.505493
122 0.8 3.7729 6.53485 0.332568 0.556383
123 0.8 3.07336 6.90288 0.276799 0.601835
124 0.8 2.33759 7.19438 0.214303 0.639744
125 0.8 1.57424 7.40621 0.146223 0.668338
126 0.8 0.791622 7.53178 0.0741539 0.68598
127 0.8 2.14513e-15 7.5726 0 0.692091
128 0.94004 7.40586 0 0.584955 0.00958919
129 0.94004 7.36407 0.773995 0.582814 0.0581032
130 0.94004 7.24981 1.54099 0.576217 0.116246
131 0.94004 7.05826 2.29337 0.566829 0.174934
132 0.94004 6.79342 3.02463 0.554495 0.234912
133 0.94004 6.4529 3.72558 0.534746 0.294021
134 0.94004 6.04328 4.3907 0.509872 0.353362
135 0.94004 5.56405 5.00989 0.4814 0.414189
136 0.94004 5.02329 5.57892 0.44621 0.47462
137 0.94004 4.42299 6.08773 0.402013 0.531123
138 0.94004 3.77009 6.52999 0.350467 0.583964
139 0.94004 3.07202 6.89987 0.291913 0.632077
140 0.94004 2.33746 7.19397 0.226257 0.672525
141 0.94004 1.57449 7.40739 0.154886 0.704084
142 0.94004 0.791978 7.53517 0.0779126 0.717618
143 0.94004 2.14612e-15 7.57611 0 0.726906
144 1.09354 7.39047 0 0.625136 0.0102473
145 1.09354 7.35239 0.772767 0.619527 0.0614545
146 1.09354 7.23896 1.53869 0.613471 0.123375
147 1.09354 7.04836 2.29015 0.603139 0.185481
148 1.09354 6.78291 3.01994 0.591523 0.249539
149 1.09354 6.44549 3.7213 0.569138 0.311631
150 1.09354 6.03786 4.38676 0.543732 0.375315
151 1.09354 5.56028 5.0065 0.511782 0.438273
152 1.09354 5.02046 5.57578 0.475716 0.503531
153 1.09354 4.42254 6.08711 0.42846 0.563148
154 1.09354 3.77133 6.53214 0.372983 0.618123
155 1.09354 3.07421 6.90479 0.31072 0.669197
156 1.09354 2.33983 7.20126 0.240626 0.711194
157 1.09354 1.57643 7.41651 0.164868 0.744199
158 1.09354 0.793089 7.54574 0.0828664 0.758151
159 1.09354 2.14935e-15 7.5875 0 0.7723
160 1.25861 7.38967 0 0.677583 0.0110431
161 1.25861 7.35324 0.772856 0.670434 0.0662508
162 1.25861 7.24018 1.53895 0.664671 0.133423
163 1.25861 7.05049 2.29084 0.652933 0.200269
164 1.25861 6.78652 3.02155 0.640425 0.269124
165 1.25861 6.45016 3.724 0.615673 0.33572
166 1.25861 6.04379 4.39107 0.587911 0.404195
167 1.25861 5.56713 5.01266 0.553895 0.472028
168 1.25861 5.02828 5.58447 0.513401 0.540668
169 1.25861 4.43065 6.09827 0.460498 0.601886
170 1.25861 3.77929 6.54592 0.400784 0.660157
171 1.25861 3.08167 6.92155 0.333964 0.714337
172 1.25861 2.34592 7.21998 0.258156 0.757915
173 1.25861 1.58067 7.43645 0.176021 0.789113
174 1.25861 0.7952 7.56582 0.0887436 0.809071
175 1.25861 2.15577e-15 7.61016 0 0.825874
176 1.43308 7.40535 0 0.740637 0.0118526
177 1.43308 7.36764 0.77437 0.731436 0.0718349
178 1.43308 7.25495 1.54209 0.72342 0.144416
179 1.43308 7.06589 2.29585 0.710835 0.216903
180 1.43308 6.8041 3.02938 0.694176 0.290508
181 1.43308 6.46754 3.73404 0.668712 0.362764
182 1.43308 6.06048 4.4032 0.635566 0.434616
183 1.43308 5.58509 5.02884 0.600786 0.509437
184 1.43308 5.04544 5.60353 0.550731 0.577356
185 1.43308 4.44628 6.11978 0.494346 0.643439
186 1.43308 3.7932 6.57001 0.430139 0.705271
187 1.43308 3.09376 6.9487 0.357972 0.760875
188 1.43308 2.35537 7.24908 0.276595 0.807234
189 1.43308 1.58704 7.46646 0.187702 0.840999
190 1.43308 0.798721 7.59932 0.0952483 0.872385
191 1.43308 2.1653e-15 7.64382 0 0.873332
192 1.61486 7.43405 0 0.794814 0.0125486
193 1.61486 7.39537 0.777284 0.796799 0.0772452
194 1.61486 7.28191 1.54782 0.784319 0.154947
195 1.61486 7.09393 2.30496 0.771446 0.234
196 1.61486 6.83032 3.04105 0.747282 0.311242
197 1.61486 6.49297 3.74872 0.719344 0.388703
198 1.61486 6.08547 4.42135 0.685915 0.466366
199 1.61486 5.60839 5.04982 0.640898 0.541489
200 1.61486 5.06883 5.62951 0.589649 0.615618
201 1.61486 4.46692 6.14819 0.530511 0.687859
202 1.61486 3.81186 6.60234 0.46157 0.754003
203 1.61486 3.10926 6.98352 0.382832 0.811498
204 1.61486 2.36753 7.28649 0.295365 0.859719
205 1.61486 1.59578 7.50754 0.200707 0.900927
206 1.61486 0.803062 7.64063 0.102019 0.919883
207 1.61486 2.17761e-15 7.68725 0 0.925085
208 1.80207 7.47026 0 0.84555 0.0132483
209 1.80207 7.43026 0.780952 0.849642 0.0826755
210 1.80207 7.31687 1.55525 0.840328 0.165519
211 1.80207 7.12703 2.31571 0.822283 0.249319
212 1.80207 6.86139 3.05489 0.797986 0.331167
213 1.80207 6.52347 3.76632 0.768631 0.413737
214 1.80207 6.11346 4.44169 0.729645 0.495104
215 1.80207 5.63638 5.07502 0.683649 0.575597
216 1.80207 5.09248 5.65577 0.627793 0.652718
217 1.80207 4.48904 6.17864 0.562614 0.725705
218 1.80207 3.83153 6.6364 0.488195 0.793415
219 1.80207 3.12632 7.02183 0.405187 0.854224
220 1.80207 2.38111 7.32829 0.312943 0.905699
221 1.80207 1.60494 7.55063 0.212977 0.941782
222 1.80207 0.808018 7.68778 0.108149 0.965629
223 1.80207 2.19036e-15 7.73229 0 0.973864
224 1.99322 7.51126 0 0.899253 0.0139682
225 1.99322 7.46954 0.78508 0.896934 0.0878048
226 1.99322 7.35434 1.56321 0.887377 0.175534
227 1.99322 7.16306 2.32742 0.870001 0.262799
228 1.99322 6.89722 3.07084 0.846657 0.350351
229 1.99322 6.55766 3.78607 0.813355 0.437206
230 1.99322 6.14692 4.466 0.773429 0.523444
231 1.99322 5.66606 5.10174 0.722488 0.606512
232 1.99322 5.12104 5.68749 0.664327 0.688501
233 1.99322 4.51448 6.21365 0.593684 0.763012
234 1.99322 3.8532 6.67394 0.51349 0.831555
235 1.99322 3.14389 7.06128 0.424221 0.891479
236 1.99322 2.39461 7.36987 0.32677 0.94078
237 1.99322 1.61478 7.59695 0.222963 0.981792
238 1.99322 0.81268 7.73214 0.112715 1.00421
239 1.99322 2.20308e-15 7.77717 0 1.01193
240 2.18716 7.5502 0 0.946382 0.0146095
241 2.18716 7.51273 0.78962 0.946521 0.0924009
242 2.18716 7.39635 1.57214 0.935812 0.184501
243 2.18716 7.2037 2.34063 0.918039 0.276127
244 2.18716 6.93665 3.0884 0.890287 0.36826
245 2.18716 6.59627 3.80836 0.856711 0.459336
246 2.18716 6.18175 4.49131 0.810359 0.547466
247 2.18716 5.69891 5.13132 0.757445 0.634397
248 2.18716 5.15027 5.71995 0.692938 0.716404
249 2.18716 4.54072 6.24977 0.619745 0.79449
250 2.18716 3.87572 6.71294 0.535774 0.864785
251 2.18716 3.1619 7.10174 0.441342 0.924441
252 2.18716 2.40825 7.41184 0.339033 0.97572
253 2.18716 1.62346 7.63777 0.230473 1.01096
254 2.18716 0.817156 7.77472 0.116356 1.03353
255 2.18716 2.21559e-15 7.82135 0 1.04381
256 2.38303 7.59475 0 0.99121 0.0150901
257 2.38303 7.55474 0.794035 0.987938 0.0962849
258 2.38303 7.43888 1.58118 0.977341 0.192611
259 2.38303 7.24588 2.35433 0.956674 0.288197
260 2.38303 6.97702 3.10637 0.927559 0.383052
261 2.38303 6.63354 3.82987 0.889821 0.476778
262 2.38303 6.21712 4.517 0.842271 0.567935
263 2.38303 5.73156 5.16072 0.784999 0.656306
264 2.38303 5.17928 5.75218 0.717549 0.740572
265 2.38303 4.56576 6.28423 0.639951 0.818912
266 2.38303 3.89703 6.74986 0.552737 0.890167
267 2.38303 3.17962 7.14155 0.455635 0.951966
268 2.38303 2.42142 7.45237 0.349319 1.0005
269 2.38303 1.63221 7.67893 0.236867 1.03671
270 2.38303 0.821555 7.81657 0.119633 1.06096
271 2.38303 2.22711e-15 7.862 0 1.06586
272 2.58024 7.63886 0 1.02603 0.0154455
273 2.58024 7.60041 0.798835 1.02656 0.0998286
274 2.58024 7.48262 1.59048 1.01126 0.199221
275 2.58024 7.28807 2.36804 0.989543 0.297852
276 2.58024 7.01672 3.12405 0.958794 0.395485
277 2.58024 6.67068 3.85132 0.91799 0.491167
278 2.58024 6.25157 4.54203 0.867681 0.584389
279 2.58024 5.76244 5.18852 0.807418 0.674366
280 2.58024 5.20737 5.78337 0.737454 0.76024
281 2.58024 4.5903 6.31801 0.656496 0.839224
282 2.58024 3.91752 6.78534 0.565574 0.910503
283 2.58024 3.19597 7.17826 0.465447 0.971619
284 2.58024 2.43411 7.49141 0.357414 1.02304
285 2.58024 1.64056 7.71823 0.242109 1.05979
286 2.58024 0.825607 7.85512 0.12213 1.07973
287 2.58024 2.23869e-15 7.90289 0 1.08922
288 2.77835 7.68183 0 1.05313 0.0157355
289 2.77835 7.64075 0.803075 1.05185 0.10239
290 2.77835 7.5233 1.59913 1.03832 0.204233
291 2.77835 7.32696 2.38067 1.01515 0.305234
292 2.77835 7.05384 3.14057 0.981563 0.40485
293 2.77835 6.70584 3.87162 0.939947 0.502714
294 2.77835 6.28432 4.56582 0.887817 0.597944
295 2.77835 5.79295 5.216 0.826424 0.689958
296 2.77835 5.23361 5.81251 0.752621 0.775374
297 2.77835 4.61274 6.3489 0.66877 0.854117
298 2.77835 3.9359 6.81719 0.574895 0.924536
299 2.77835 3.21079 7.21155 0.472681 0.986283
300 2.77835 2.44508 7.52519 0.362367 1.03654
301 2.77835 1.64792 7.75285 0.245384 1.07261
302 2.77835 0.829474 7.89192 0.123892 1.09628
303 2.77835 2.24854e-15 7.93765 0 1.10324
304 2.97708 7.72019 0 1.07426 0.0159823
305 2.97708 7.6791 0.807106 1.07133 0.104275
306 2.97708 7.56004 1.60694 1.05676 0.208143
307 2.97708 7.36283 2.39233 1.03298 0.31093
308 2.97708 7.08862 3.15606 1.00027 0.412563
309 2.97708 6.73831 3.89037 0.956892 0.512029
310 2.97708 6.31448 4.58774 0.903392 0.608327
311 2.97708 5.81847 5.23897 0.837533 0.699091
312 2.97708 5.25686 5.83834 0.7629 0.785788
313 2.97708 4.63311 6.37693 0.678047 0.865887
314 2.97708 3.9531 6.84696 0.582732 0.936617
315 2.97708 3.22408 7.24141 0.477841 0.996144
316 2.97708 2.45477 7.555 0.365525 1.04477
317 2.97708 1.65446 7.78361 0.247511 1.08177
318 2.97708 0.832673 7.92235 0.1249 1.10505
319 2.97708 2.25729e-15 7.96856 0 1.11148
320 3.17623 7.75323 0 1.08803 0.0160962
321 3.17623 7.71363 0.810736 1.08747 0.105844
322 3.17623 7.59418 1.61419 1.07312 0.211278
323 3.17623 7.39612 2.40315 1.04881 0.315724
324 3.17623 7.11956 3.16983 1.01409 0.418438
325 3.17623 6.76619 3.90646 0.967692 0.517983
326 3.17623 6.33856 4.60523 0.911633 0.613975
327 3.17623 5.84074 5.25902 0.845896 0.70608
328 3.17623 5.27577 5.85934 0.769226 0.792392
329 3.17623 4.64906 6.39888 0.682436 0.871458
330 3.17623 3.96709 6.8712 0.58692 0.94316
331 3.17623 3.23581 7.26774 0.481939 1.0045
332 3.17623 2.46354 7.58201 0.368399 1.05283
333 3.17623 1.66013 7.81031 0.249139 1.08926
334 3.17623 0.835451 7.94878 0.125649 1.10986
335 3.17623 2.2649e-15 7.99541 0 1.11818
336 3.37565 7.78315 0 1.09938 0.0161232
337 3.37565 7.74258 0.813778 1.09755 0.107017
338 3.37565 7.62234 1.62018 1.08328 0.213317
339 3.37565 7.42286 2.41183 1.05758 0.31869
340 3.37565 7.14409 3.18075 1.02084 0.421598
341 3.37565 6.78879 3.91951 0.974832 0.521772
342 3.37565 6.35947 4.62043 0.917942 0.618553
343 3.37565 5.85977 5.27616 0.851515 0.711272
344 3.37565 5.29265 5.87809 0.774144 0.797658
345 3.37565 4.66315 6.41828 0.686394 0.876515
346 3.37565 3.97785 6.88984 0.5887 0.94618
347 3.37565 3.2448 7.28793 0.483695 1.00796
348 3.37565 2.47077 7.60424 0.370447 1.05846
349 3.37565 1.66496 7.83302 0.250455 1.09385
350 3.37565 0.837867 7.97177 0.126236 1.11466
351 3.37565 2.27139e-15 8.01832 0 1.12325
352 3.57527 7.80733 0 1.10688 0.0161633
353 3.57527 7.76581 0.81622 1.10321 0.107651
354 3.57527 7.64443 1.62487 1.08762 0.214556
355 3.57527 7.44333 2.41849 1.06121 0.320111
356 3.57527 7.16315 3.18924 1.02455 0.423379
357 3.57527 6.80716 3.93011 0.978613 0.524442
358 3.57527 6.37704 4.63319 0.922373 0.622051
359 3.57527 5.87447 5.2894 0.853798 0.713469
360 3.57527 5.30532 5.89216 0.776098 0.799943
361 3.57527 4.67443 6.4338 0.688576 0.879386
362 3.57527 3.98705 6.90578 0.590871 0.949569
363 3.57527 3.25104 7.30195 0.48385 1.00814
364 3.57527 2.47543 7.61858 0.370541 1.05791
365 3.57527 1.66831 7.84878 0.250744 1.09405
366 3.57527 0.839607 7.98833 0.126434 1.11716
367 3.57527 2.27609e-15 8.03493 0 1.12436
368 3.77501 7.82301 0 1.10791 0.0162087
369 3.77501 7.78164 0.817883 1.10507 0.107844
370 3.77501 7.66022 1.62823 1.08911 0.215118
371 3.77501 7.45846 2.4234 1.06312 0.320922
372 3.77501 7.17833 3.196 1.02747 0.42492
373 3.77501 6.82144 3.93836 0.980621 0.526041
374 3.77501 6.38862 4.6416 0.922564 0.622514
375 3.77501 5.88478 5.29868 0.854576 0.714436
376 3.77501 5.31404 5.90184 0.776515 0.800703
377 3.77501 4.68118 6.44309 0.687762 0.87874
378 3.77501 3.99323 6.91648 0.590845 0.949549
379 3.77501 3.25582 7.3127 0.484123 1.00869
380 3.77501 2.4782 7.62712 0.369906 1.0555
381 3.77501 1.66979 7.85573 0.249895 1.09052
382 3.77501 0.840266 7.99459 0.126068 1.1137
383 3.77501 2.27804e-15 8.04181 0 1.12039
384 3.97484 7.83372 0 1.10773 0.0161683
385 3.97484 7.79236 0.819011 1.10598 0.108012
386 3.97484 7.6711 1.63054 1.08992 0.215314
387 3.97484 7.46957 2.42701 1.06433 0.321543
388 3.97484 7.18898 3.20074 1.02805 0.425663
389 3.97484 6.82954 3.94304 0.979729 0.525882
390 3.97484 6.39585 4.64686 0.92189 0.622598
391 3.97484 5.89131 5.30456 0.85443 0.714921
392 3.97484 5.319 5.90734 0.775514 0.800048
393 3.97484 4.68488 6.44818 0.686788 0.877732
394 3.97484 3.99498 6.91951 0.588493 0.946141
395 3.97484 3.25762 7.31673 0.482715 1.00616
396 3.97484 2.47954 7.63124 0.369067 1.05337
397 3.97484 1.6702 7.85769 0.249048 1.08712
398 3.97484 0.840253 7.99447 0.125559 1.10894
399 3.97484 2.27796e-15 8.04153 0 1.11509
400 4.17472 7.84037 0 1.10705 0.016118
401 4.17472 7.79896 0.819704 1.10604 0.108127
402 4.17472 7.67719 1.63184 1.08919 0.215437
403 4.17472 7.47444 2.42859 1.06249 0.321286
404 4.17472 7.19199 3.20208 1.0249 0.424744
405 4.17472 6.83215 3.94454 0.977518 0.525115
406 4.17472 6.39795 4.64838 0.919538 0.621544
407 4.17472 5.89131 5.30456 0.850836 0.712296
408 4.17472 5.31817 5.90642 0.771868 0.796842
409 4.17472 4.68389 6.44682 0.683707 0.87421
410 4.17472 3.99385 6.91755 0.586237 0.942861
411 4.17472 3.25527 7.31145 0.479431 0.999927
412 4.17472 2.47788 7.62612 0.366698 1.04749
413 4.17472 1.66933 7.85357 0.247828 1.0821
414 4.17472 0.83977 7.98988 0.124948 1.10398
415 4.17472 2.27656e-15 8.03658 0 1.11017
416 4.37464 7.83908 0 1.10316 0.0161005
417 4.37464 7.79698 0.819496 1.10163 0.107818
418 4.37464 7.67472 1.63131 1.08457 0.214735
419 4.37464 7.47129 2.42757 1.05766 0.320113
420 4.37464 7.18894 3.20072 1.02105 0.423492
421 4.37464 6.82895 3.9427 0.97352 0.523467
422 4.37464 6.39308 4.64485 0.914647 0.618568
423 4.37464 5.88692 5.30061 0.846837 0.709505
424 4.37464 5.31343 5.90116 0.76832 0.793683
425 4.37464 4.67788 6.43855 0.679143 0.869156
426 4.37464 3.98805 6.90751 0.582018 0.936876
427 4.37464 3.25043 7.30058 0.476261 0.993953
428 4.37464 2.47287 7.61071 0.363386 1.03924
429 4.37464 1.66597 7.83779 0.24542 1.07255
430 4.37464 0.838172 7.97467 0.12378 1.09391
431 4.37464 2.2721e-15 8.02082 0 1.10127
432 4.57459 7.8279 0 1.09646 0.0160236
433 4.57459 7.78615 0.818357 1.09438 0.107225
434 4.57459 7.6643 1.6291 1.07813 0.213606
435 4.57459 7.46156 2.42441 1.05194 0.318679
436 4.57459 7.17876 3.19619 1.01493 0.421221
437 4.57459 6.81738 3.93601 0.966552 0.519962
438 4.57459 6.38218 4.63693 0.909029 0.615264
439 4.57459 5.875 5.28988 0.839889 0.70416
440 4.57459 5.30083 5.88716 0.761269 0.787027
441 4.57459 4.66724 6.42391 0.673923 0.86308
442 4.57459 3.97776 6.88968 0.576114 0.928442
443 4.57459 3.24152 7.28056 0.471638 0.985206
444 4.57459 2.46612 7.58994 0.360029 1.03076
445 4.57459 1.66086 7.81372 0.243134 1.06315
446 4.57459 0.835541 7.94964 0.122367 1.08226
447 4.57459 2.26435e-15 7.99346 0 1.08985
448 4.77455 7.80948 0 1.08954 0.0159223
449 4.77455 7.76873 0.816526 1.08653 0.106546
450 4.77455 7.6467 1.62536 1.07044 0.212347
451 4.77455 7.44293 2.41835 1.04351 0.316359
452 4.77455 7.15929 3.18752 1.00594 0.417685
453 4.77455 6.79882 3.9253 0.95901 0.516293
454 4.77455 6.36279 4.62284 0.900466 0.609826
455 4.77455 5.8569 5.27357 0.832348 0.698359
456 4.77455 5.28448 5.86901 0.754247 0.780449
457 4.77455 4.65035 6.40065 0.665939 0.853838
458 4.77455 3.9633 6.86463 0.570244 0.919845
459 4.77455 3.22871 7.2518 0.465838 0.974288
460 4.77455 2.45605 7.55894 0.355362 1.0184
461 4.77455 1.654 7.78145 0.240086 1.05156
462 4.77455 0.832113 7.91703 0.121007 1.07116
463 4.77455 2.25528e-15 7.96146 0 1.07759
464 4.97453 7.78151 0 1.07844 0.0158434
465 4.97453 7.74115 0.813628 1.0755 0.105607
466 4.97453 7.61767 1.61919 1.05965 0.21029
467 4.97453 7.41441 2.40909 1.03309 0.313388
468 4.97453 7.13191 3.17533 0.996434 0.413981
469 4.97453 6.77097 3.90922 0.948538 0.510938
470 4.97453 6.33665 4.60384 0.89075 0.603595
471 4.97453 5.83074 5.25002 0.822679 0.690797
472 4.97453 5.25914 5.84087 0.744623 0.771108
473 4.97453 4.6285 6.37058 0.658419 0.844854
474 4.97453 3.94278 6.8291 0.562388 0.908008
475 4.97453 3.21231 7.21497 0.459928 0.962819
476 4.97453 2.443 7.51878 0.350581 1.00583
477 4.97453 1.64498 7.73901 0.236372 1.03652
478 4.97453 0.827382 7.87202 0.119086 1.05577
479 4.97453 2.24294e-15 7.9179 0 1.06211
480 5.17452 7.74386 0 1.06498 0.0157026
481 5.17452 7.70242 0.809557 1.06321 0.10447
482 5.17452 7.5795 1.61107 1.04751 0.20793
483 5.17452 7.37704 2.39694 1.02126 0.309949
484 5.17452 7.09395 3.15843 0.983888 0.40899
485 5.17452 6.73491 3.8884 0.936751 0.504854
486 5.17452 6.30118 4.57807 0.87925 0.596329
487 5.17452 5.79797 5.22051 0.811896 0.682264
488 5.17452 5.22913 5.80753 0.734865 0.761654
489 5.17452 4.59974 6.331 0.648309 0.832649
490 5.17452 3.91842 6.7869 0.554599 0.896337
491 5.17452 3.19056 7.16613 0.452562 0.948274
492 5.17452 2.42646 7.46787 0.345143 0.991035
493 5.17452 1.63388 7.68679 0.23291 1.02228
494 5.17452 0.821831 7.8192 0.117137 1.04057
495 5.17452 2.22723e-15 7.86244 0 1.04667
496 5.3745 7.69606 0 1.05144 0.0155941
497 5.3745 7.65414 0.804482 1.04881 0.103001
498 5.3745 7.53198 1.60097 1.03288 0.205136
499 5.3745 7.32866 2.38123 1.00639 0.305483
500 5.3745 7.04734 3.13768 0.97018 0.403563
501 5.3745 6.68924 3.86203 0.923231 0.498034
502 5.3745 6.25747 4.54632 0.86623 0.587927
503 5.3745 5.75595 5.18268 0.799191 0.672163
504 5.3745 5.18957 5.7636 0.722969 0.750015
505 5.3745 4.56483 6.28294 0.638267 0.82049
506 5.3745 3.887 6.73248 0.544926 0.88141
507 5.3745 3.16554 7.10993 0.445306 0.933997
508 5.3745 2.40655 7.40661 0.339107 0.974672
509 5.3745 1.61983 7.6207 0.228544 1.00429
510 5.3745 0.814592 7.75033 0.115106 1.02276
511 5.3745 2.20796e-15 7.79441 0 1.02899
512 5.5745 7.63363 0 1.03422 0.0154703
513 5.5745 7.59291 0.798047 1.03204 0.101362
514 5.5745 7.47092 1.58799 1.01666 0.202051
515 5.5745 7.26966 2.36206 0.991081 0.301068
516 5.5745 6.98929 3.11183 0.954642 0.3974
517 5.5745 6.63261 3.82934 0.908168 0.490198
518 5.5745 6.20372 4.50726 0.851852 0.578578
519 5.5745 5.70481 5.13663 0.785948 0.661516
520 5.5745 5.14189 5.71065 0.710492 0.737613
521 5.5745 4.5211 6.22276 0.626668 0.806394
522 5.5745 3.84978 6.66801 0.535372 0.867053
523 5.5745 3.13312 7.0371 0.436703 0.916986
524 5.5745 2.38188 7.33067 0.332859 0.957747
525 5.5745 1.60313 7.54215 0.224455 0.987351
526 5.5745 0.806092 7.66945 0.112992 1.00494
527 5.5745 2.18492e-15 7.71309 0 1.0109
528 5.77449 7.55916 0 1.0172 0.015363
529 5.77449 7.5195 0.790331 1.01502 0.0998454
530 5.77449 7.39829 1.57256 0.999453 0.198752
531 5.77449 7.1969 2.33842 0.973437 0.295905
532 5.77449 6.91865 3.08038 0.937958 0.390651
533 5.77449 6.5639 3.78967 0.892095 0.48186
534 5.77449 6.13756 4.4592 0.836536 0.5686
535 5.77449 5.64248 5.08051 0.771337 0.64977
536 5.77449 5.08486 5.64731 0.697583 0.724912
537 5.77449 4.46943 6.15165 0.615004 0.79196
538 5.77449 3.80328 6.58748 0.524769 0.850437
539 5.77449 3.0953 6.95216 0.428448 0.900515
540 5.77449 2.35185 7.23825 0.32618 0.939594
541 5.77449 1.58232 7.44425 0.219796 0.967798
542 5.77449 0.795595 7.56958 0.110614 0.985269
543 5.77449 2.15633e-15 7.61216 0 0.991084
544 5.97449 7.46715 0 0.997764 0.0152691
545 5.97449 7.42702 0.780611 0.995606 0.0979568
546 5.97449 7.30797 1.55336 0.98059 0.19514
547 5.97449 7.10916 2.30991 0.955602 0.290689
548 5.97449 6.83179 3.04171 0.92002 0.383503
549 5.97449 6.48069 3.74163 0.874989 0.472969
550 5.97449 6.05717 4.40079 0.820108 0.557897
551 5.97449 5.56719 5.01272 0.756117 0.6375
552 5.97449 5.01475 5.56944 0.683265 0.710707
553 5.97449 4.40611 6.06449 0.602393 0.776592
554 5.97449 3.74873 6.49299 0.514185 0.834052
555 5.97449 3.04895 6.84806 0.419288 0.882122
556 5.97449 2.3163 7.12884 0.319309 0.920458
557 5.97449 1.55851 7.33222 0.215286 0.948833
558 5.97449 0.783426 7.4538 0.108375 0.965802
559 5.97449 2.12336e-15 7.49577 0 0.971526
560 6.17449 7.35836 0 0.978247 0.0151843
561 6.17449 7.31934 0.769294 0.976106 0.0961099
562 6.17449 7.19975 1.53035 0.96089 0.191331
563 6.17449 7.00201 2.27509 0.935849 0.284869
564 6.17449 6.72847 2.99571 0.901412 0.376013
565 6.17449 6.38016 3.68359 0.856798 0.463494
566 6.17449 5.96247 4.33199 0.803158 0.546813
567 6.17449 5.47796 4.93237 0.740289 0.624636
568 6.17449 4.93181 5.47732 0.668661 0.695804
569 6.17449 4.33138 5.96163 0.589155 0.760056
570 6.17449 3.6834 6.37984 0.502809 0.816451
571 6.17449 2.99507 6.72703 0.410028 0.863307
572 6.17449 2.27498 7.00168 0.312289 0.901191
573 6.17449 1.52976 7.19696 0.210329 0.927894
574 6.17449 0.768875 7.31536 0.105816 0.944076
575 6.17449 2.08331e-15 7.35439 0 0.949625
576 6.37449 7.22765 0 0.956856 0.0151212
577 6.37449 7.18866 0.755559 0.95486 0.0940822
578 6.37449 7.0715 1.50309 0.94033 0.187391
579 6.37449 6.87664 2.23435 0.915756 0.278992
580 6.37449 6.6053 2.94087 0.881415 0.367947
581 6.37449 6.26237 3.61558 0.837996 0.453683
582 6.37449 5.84975 4.2501 0.785061 0.534913
583 6.37449 5.37232 4.83726 0.723533 0.61094
584 6.37449 4.83491 5.36971 0.653418 0.680509
585 6.37449 4.24447 5.84201 0.57551 0.743056
586 6.37449 3.6077 6.24873 0.490794 0.797613
587 6.37449 2.93313 6.58793 0.400302 0.843747
588 6.37449 2.22629 6.85183 0.30456 0.879714
589 6.37449 1.49704 7.04303 0.205205 0.905994
590 6.37449 0.752445 7.15904 0.103263 0.922176
591 6.37449 2.03916e-15 7.19851 0 0.927696
592 6.57448 7.07657 0 0.93447 0.0150964
593 6.57448 7.03744 0.739665 0.932463 0.0919663
594 6.57448 6.92187 1.47129 0.917999 0.18308
595 6.57448 6.73012 2.18675 0.894168 0.272598
596 6.57448 6.46339 2.87769 0.86052 0.359513
597 6.57448 6.12561 3.53662 0.817814 0.443094
598 6.57448 5.7194 4.15539 0.765813 0.522246
599 6.57448 5.25065 4.72771 0.705647 0.596411
600 6.57448 4.7232 5.24564 0.636868 0.664109
601 6.57448 4.14521 5.70539 0.560985 0.725043
602 6.57448 3.5221 6.10045 0.478162 0.77773
603 6.57448 2.86216 6.42851 0.389788 0.822413
604 6.57448 2.17225 6.68551 0.296534 0.857267
605 6.57448 1.46058 6.87148 0.199812 0.883128
606 6.57448 0.733904 6.98263 0.100514 0.898683
607 6.57448 1.98853e-15 7.0198 0 0.903871
608 6.77448 6.90527 0 0.91085 0.0150725
609 6.77448 6.86645 0.721693 0.908893 0.0896924
610 6.77448 6.75189 1.43516 0.894536 0.178528
611 6.77448 6.56292 2.13242 0.870898 0.265697
612 6.77448 6.30248 2.80604 0.838261 0.350484
613 6.77448 5.97036 3.44699 0.796131 0.431695
614 6.77448 5.57264 4.04876 0.745312 0.508715
615 6.77448 5.11194 4.60281 0.686254 0.580779
616 6.77448 4.59686 5.10533 0.619177 0.646368
617 6.77448 4.03436 5.55281 0.545395 0.705591
618 6.77448 3.42631 5.93454 0.464706 0.756592
619 6.77448 2.78328 6.25135 0.37856 0.799488
620 6.77448 2.11212 6.50042 0.28801 0.833444
621 6.77448 1.41968 6.67908 0.193969 0.858282
622 6.77448 0.713204 6.78568 0.0975349 0.87304
623 6.77448 1.93237e-15 6.82153 0 0.878
624 6.97448 6.71114 0 0.885071 0.0150648
625 6.97448 6.67365 0.701428 0.883289 0.087215
626 6.97448 6.56173 1.39474 0.869358 0.173628
627 6.97448 6.37641 2.07182 0.846035 0.258321
628 6.97448 6.12132 2.72539 0.814071 0.34064
629 6.97448 5.79686 3.34682 0.772876 0.419462
630 6.97448 5.40877 3.9297 0.723291 0.494138
631 6.97448 4.96163 4.46747 0.665923 0.563957
632 6.97448 4.45962 4.95291 0.600577 0.627386
633 6.97448 3.91165 5.38393 0.528713 0.684652
634 6.97448 3.32027 5.75088 0.450167 0.73372
635 6.97448 2.69611 6.05556 0.366534 0.774866
636 6.97448 2.04535 6.29495 0.278775 0.807671
637 6.97448 1.37453 6.46665 0.187676 0.831372
638 6.97448 0.690467 6.56935 0.0943661 0.845509
639 6.97448 1.8707e-15 6.60382 0 0.850272
640 7.17448 6.4952 0 0.857083 0.0150733
641 7.17448 6.45867 0.678833 0.85546 0.0845383
642 7.17448 6.35011 1.34976 0.841956 0.168294
643 7.17448 6.16943 2.00457 0.819253 0.250358
644 7.17448 5.92041 2.63593 0.787916 0.329987
645 7.17448 5.60462 3.23583 0.74779 0.406227
646 7.17448 5.22584 3.7968 0.699023 0.478098
647 7.17448 4.79196 4.3147 0.642837 0.545622
648 7.17448 4.30591 4.7822 0.580306 0.606319
649 7.17448 3.77463 5.19534 0.510387 0.661575
650 7.17448 3.20312 5.54796 0.434463 0.708924
651 7.17448 2.60003 5.83976 0.353602 0.748342
652 7.17448 1.97176 6.06846 0.268808 0.77973
653 7.17448 1.32484 6.2329 0.180926 0.802412
654 7.17448 0.66547 6.33152 0.0909697 0.81589
655 7.17448 1.80272e-15 6.36384 0 0.820421
656 7.37448 6.25522 0 0.826801 0.015105
657 7.37448 6.22036 0.653786 0.825346 0.0816366
658 7.37448 6.11581 1.29996 0.812263 0.162512
659 7.37448 5.9399 1.92999 0.790074 0.241693
660 7.37448 5.69782 2.53683 0.759562 0.318436
661 7.37448 5.39133 3.11269 0.720495 0.391799
662 7.37448 5.02607 3.65165 0.673598 0.461087
663 7.37448 4.60697 4.14814 0.619381 0.525856
664 7.37448 4.13547 4.5929 0.558071 0.583949
665 7.37448 3.62331 4.98706 0.490559 0.636645
666 7.37448 3.07337 5.32323 0.417389 0.681863
667 7.37448 2.49388 5.60134 0.339596 0.719589
668 7.37448 1.89022 5.8175 0.258007 0.749308
669 7.37448 1.26988 5.97431 0.173605 0.770951
670 7.37448 0.637734 6.06764 0.0872737 0.783729
671 7.37448 1.72791e-15 6.09975 0 0.788105
672 7.57448 5.98841 0 0.793762 0.0151489
673 7.57448 5.95537 0.625934 0.792423 0.0784722
674 7.57448 5.85345 1.24419 0.779643 0.156155
675 7.57448 5.68421 1.84691 0.75815 0.232202
676 7.57448 5.44963 2.42633 0.728569 0.305787
677 7.57448 5.15332 2.97527 0.690581 0.37599
678 7.57448 4.79987 3.48731 0.644667 0.441946
679 7.57448 4.39905 3.96092 0.593009 0.504174
680 7.57448 3.94528 4.38167 0.533796 0.559478
681 7.57448 3.45416 4.75425 0.468882 0.609263
682 7.57448 2.92828 5.07193 0.398646 0.652119
683 7.57448 2.37511 5.33458 0.324172 0.687917
684 7.57448 1.79907 5.53698 0.246105 0.715735
685 7.57448 1.20859 5.68598 0.165595 0.736423
686 7.57448 0.606803 5.77335 0.0832241 0.74861
687 7.57448 1.64378e-15 5.80278 0 0.752701
688 7.77448 5.69023 0 0.757336 0.0152093
689 7.77448 5.65763 0.594641 0.756114 0.0749759
690 7.77448 5.55883 1.18156 0.74362 0.149147
691 7.77448 5.39466 1.75283 0.722722 0.221631
692 7.77448 5.17045 2.30203 0.694293 0.291793
693 7.77448 4.88435 2.81998 0.657252 0.358306
694 7.77448 4.53966 3.29825 0.611921 0.420267
695 7.77448 4.16078 3.74638 0.563624 0.479532
696 7.77448 3.73013 4.14273 0.506854 0.532157
697 7.77448 3.26179 4.48947 0.444486 0.578412
698 7.77448 2.76404 4.78745 0.377788 0.61899
699 7.77448 2.24086 5.03305 0.307077 0.652758
700 7.77448 1.69682 5.22229 0.233033 0.678809
701 7.77448 1.13857 5.35654 0.1566 0.697475
702 7.77448 0.571697 5.43933 0.0787122 0.70909
703 7.77448 1.5488e-15 5.46749 0 0.713021
704 7.97448 5.34696 0 0.716058 0.0152897
705 7.97448 5.31698 0.558837 0.714944 0.0710329
706 7.97448 5.22051 1.10965 0.702749 0.141203
707 7.97448 5.0638 1.64533 0.682757 0.209736
708 7.97448 4.84881 2.15883 0.655095 0.275828
709 7.97448 4.57723 2.64266 0.62003 0.338564
710 7.97448 4.25054 3.0882 0.577177 0.397108
711 7.97448 3.88867 3.50138 0.530011 0.451683
712 7.97448 3.48336 3.86866 0.476445 0.500987
713 7.97448 3.04456 4.19048 0.417493 0.544558
714 7.97448 2.57728 4.46398 0.354447 0.582025
715 7.97448 2.08571 4.68459 0.287559 0.612282
716 7.97448 1.57852 4.85818 0.218043 0.636554
717 7.97448 1.05898 4.98212 0.146514 0.653913
718 7.97448 0.531172 5.05377 0.0735545 0.663951
719 7.97448 1.4382e-15 5.07706 0 0.667245
720 8.17448 4.93957 0 0.667458 0.015429
721 8.17448 4.91032 0.516095 0.666471 0.0663599
722 8.17448 4.82268 1.02509 0.655413 0.131978
723 8.17448 4.67406 1.51869 0.635996 0.195869
724 8.17448 4.46723 1.98894 0.609203 0.257022
725 8.17448 4.21365 2.43275 0.576191 0.315523
726 8.17448 3.91531 2.84464 0.537034 0.370188
727 8.17448 3.57102 3.21536 0.49118 0.419906
728 8.17448 3.19265 3.5458 0.440291 0.464582
729 8.17448 2.78857 3.83814 0.385831 0.504745
730 8.17448 2.35255 4.07474 0.326447 0.537243
731 8.17448 1.90192 4.27178 0.264565 0.564883
732 8.17448 1.43692 4.42239 0.200284 0.586189
733 8.17448 0.962742 4.52934 0.134361 0.601192
734 8.17448 0.482977 4.59522 0.0674936 0.610886
735 8.17448 1.30796e-15 4.61727 0 0.613996
736 8.37448 4.43218 0 0.607141 0.0156224
737 8.37448 4.40495 0.462979 0.606446 0.0605974
738 8.37448 4.32238 0.918751 0.595453 0.120348
739 8.37448 4.18327 1.35923 0.577432 0.178399
740 8.37448 3.99122 1.77701 0.552167 0.233929
741 8.37448 3.76316 2.17266 0.521989 0.287071
742 8.37448 3.47584 2.52534 0.483258 0.334573
743 8.37448 3.16171 2.84681 0.440899 0.378182
744 8.37448 2.81999 3.13192 0.394365 0.417535
745 8.37448 2.45258 3.37569 0.344154 0.451744
746 8.37448 2.06213 3.57171 0.29 0.479216
747 8.37448 1.66578 3.74139 0.23474 0.503373
748 8.37448 1.25705 3.86879 0.177559 0.521592
749 8.37448 0.840995 3.95657 0.118983 0.534406
750 8.37448 0.421356 4.00894 0.0596762 0.542214
751 8.37448 1.14065e-15 4.02664 0 0.544764
752 8.57448 3.70721 0 0.519036 0.0158673
753 8.57448 3.68103 0.386892 0.518348 0.0521164
754 8.57448 3.59187 0.763475 0.506744 0.103045
755 8.57448 3.47445 1.12892 0.490535 0.152553
756 8.57448 3.28963 1.46464 0.465626 0.198242
757 8.57448 3.11816 1.80027 0.442483 0.245157
758 8.57448 2.83944 2.06297 0.404319 0.281587
759 8.57448 2.56334 2.30805 0.366175 0.316049
760 8.57448 2.2633 2.51365 0.324056 0.345119
761 8.57448 1.95962 2.69719 0.281162 0.371689
762 8.57448 1.64301 2.84578 0.236587 0.393406
763 8.57448 1.30831 2.9385 0.18848 0.407483
764 8.57448 0.985691 3.03364 0.142649 0.421608
765 8.57448 0.657882 3.09509 0.0951793 0.430251
766 8.57448 0.32867 3.12708 0.0476172 0.435286
767 8.57448 8.88279e-16 3.13575 0 0.43679
768 8.57448 0 0 0 0
769 8.57448 0 0 0 0
770 8.57448 0 0 0 0
771 8.57448 0 0 0 0
772 8.57448 0 0 0 0
773 8.57448 0 0 0 0
774 8.57448 0 0 0 0
775 8.57448 0 0 0 0
776 8.57448 0 0 0 0
777 8.57448 0 0 0 0
778 8.57448 0 0 0 0
779 8.57448 0 0 0 0
780 8.57448 0 0 0 0
781 8.57448 0 0 0 0
782 8.57448 0 0 0 0
783 8.57448 0 0 0 0
