0 1 16 0.71237 0 0 165 0.0287288 0.00104645 -7.3551e-06 0 0.00130777 0 -0.00235422 
1 16 17 0.679676 -0 -0 165 0.0347964 0.00125135 -1.55528e-05 0 0.00156369 0 -0.00281504 
1 2 17 0.716815 0 0 165 0.0287288 0.00104769 -2.47903e-05 0 0.00130686 0 -0.00235454 
2 17 18 0.679932 -0 -0 165 0.0347964 0.0012539 -3.73185e-05 0 0.0015604 0 -0.0028143 
2 3 18 0.721716 0 0 165 0.0287288 0.00105197 -4.41566e-05 0 0.00130167 0 -0.00235364 
3 18 19 0.682164 -0 -0 165 0.0347964 0.00126028 -6.02028e-05 0 0.0015534 0 -0.00281368 
3 4 19 0.728034 0 0 165 0.0287288 0.00105918 -6.33377e-05 0 0.00129392 0 -0.00235309 
4 19 20 0.685209 -0 -0 165 0.0347964 0.00126993 -8.28118e-05 0 0.00154296 0 -0.00281289 
4 5 20 0.73467 0 0 165 0.0287288 0.00106853 -8.22801e-05 0 0.00128216 0 -0.00235069 
5 20 21 0.687354 -0 -0 165 0.0347964 0.00128171 -0.000105046 0 0.00152705 0 -0.00280876 
5 6 21 0.739478 0 -0 165 0.0287288 0.00108089 -0.000101166 0 0.00126635 0 -0.00234724 
6 21 22 0.686881 -0 -0 165 0.0347964 0.00129891 -0.000127341 0 0.00150808 0 -0.002807 
6 7 22 0.740044 0 -0 165 0.0287288 0.00109874 -0.000120418 0 0.00124726 0 -0.002346 
7 22 23 0.67944 -0 -0 165 0.0347964 0.00132068 -0.000149814 0 0.00148199 0 -0.00280267 
7 8 23 0.731001 0 -0 165 0.0287288 0.00112065 -0.000139843 0 0.00121896 0 -0.00233961 
8 23 24 0.660475 -0 -0 165 0.0347964 0.00134946 -0.000172461 0 0.0014459 0 -0.00279537 
8 9 24 0.70697 0 -0 165 0.0287288 0.00115122 -0.000158568 0 0.00118051 0 -0.00233173 
9 24 25 0.627674 -0 -0 165 0.0347964 0.00138896 -0.000193402 0 0.00139611 0 -0.00278507 
9 10 25 0.665956 0 -0 165 0.0287288 0.00119253 -0.000172766 0 0.00112871 0 -0.00232125 
10 25 26 0.584303 -0 -0 165 0.0347964 0.00144139 -0.000206983 0 0.00132982 0 -0.00277121 
10 11 26 0.61316 0 -0 165 0.0287288 0.00124306 -0.000175617 0 0.00106497 0 -0.00230803 
11 26 27 0.541418 -0 -0 165 0.0347964 0.00150446 -0.000204765 0 0.00125202 0 -0.00275648 
11 12 27 0.562223 0 -0 165 0.0287288 0.00129812 -0.000161473 0 0.00100006 0 -0.00229818 
12 27 28 0.50748 -0 -0 165 0.0347964 0.00156909 -0.000181329 0 0.0011766 0 -0.00274569 
12 13 28 0.523024 0 -0 165 0.0287288 0.00134553 -0.000129881 0 0.000944653 0 -0.00229018 
13 28 29 0.485783 -0 -0 165 0.0347964 0.00162097 -0.000138543 0 0.0011153 0 -0.00273627 
13 14 29 0.498727 0 -0 165 0.0287288 0.00137794 -8.64551e-05 0 0.000905904 0 -0.00228385 
14 29 30 0.474152 -0 -0 165 0.0347964 0.00165238 -8.37562e-05 0 0.00107395 0 -0.00272633 
14 15 30 0.486325 0 -0 165 0.0287288 0.00139219 -3.72925e-05 0 0.000883306 0 -0.00227549 
15 30 31 0.470338 -0 -0 165 0.0347964 0.00166605 -2.3784e-05 0 0.00105455 0 -0.00272061 
16 17 32 0.664071 0 0 165 0.0513705 0.00178482 -1.25355e-05 0 0.0022307 0 -0.00401552 
17 32 33 0.632971 -0 -0 165 0.0618769 0.00211355 -2.59302e-05 0 0.00264207 0 -0.00475562 
17 18 33 0.668527 0 0 165 0.0513705 0.00178629 -4.14758e-05 0 0.0022286 0 -0.00401489 
18 33 34 0.633726 -0 -0 165 0.0618769 0.00211785 -6.18587e-05 0 0.00263689 0 -0.00475474 
18 19 34 0.673965 0 0 165 0.0513705 0.00179378 -7.37475e-05 0 0.00222042 0 -0.00401419 
19 34 35 0.636484 -0 -0 165 0.0618769 0.00212859 -9.96616e-05 0 0.00262563 0 -0.00475421 
19 20 35 0.680876 0 0 165 0.0513705 0.00180584 -0.000105591 0 0.00220765 0 -0.00401349 
20 35 36 0.640623 -0 -0 165 0.0618769 0.00214373 -0.000136799 0 0.00260762 0 -0.00475134 
20 21 36 0.688835 0 0 165 0.0513705 0.00182099 -0.000136786 0 0.00218782 0 -0.00400881 
21 36 37 0.64519 -0 -0 165 0.0618769 0.00216436 -0.000173198 0 0.0025832 0 -0.00474756 
21 22 37 0.696573 0 -0 165 0.0513705 0.0018431 -0.000167633 0 0.00216417 0 -0.00400727 
22 37 38 0.648177 -0 -0 165 0.0618769 0.00219184 -0.000208976 0 0.00255213 0 -0.00474396 
22 23 38 0.701484 0 -0 165 0.0513705 0.00186958 -0.00019808 0 0.00213077 0 -0.00400036 
23 38 39 0.646637 -0 -0 165 0.0618769 0.00222594 -0.000244309 0 0.0025101 0 -0.00473605 
23 24 39 0.699726 0 -0 165 0.0513705 0.00190585 -0.000228661 0 0.00208826 0 -0.00399411 
24 39 40 0.636044 -0 -0 165 0.0618769 0.00227284 -0.000279626 0 0.00245657 0 -0.00472941 
24 25 40 0.685728 0 -0 165 0.0513705 0.00195419 -0.00025826 0 0.00202981 0 -0.003984 
25 40 41 0.612672 -0 -0 165 0.0618769 0.00233469 -0.00031277 0 0.00238164 0 -0.00471633 
25 26 41 0.655436 0 -0 165 0.0513705 0.00201832 -0.000282129 0 0.00194904 0 -0.00396736 
26 41 42 0.576154 -0 -0 165 0.0618769 0.00241705 -0.000336679 0 0.00227991 0 -0.00469696 
26 27 42 0.609647 0 -0 165 0.0513705 0.00210153 -0.000290681 0 0.00184774 0 -0.00394926 
27 42 43 0.533895 -0 -0 165 0.0618769 0.00252039 -0.000338305 0 0.00215493 0 -0.00467532 
27 28 43 0.558332 0 -0 165 0.0513705 0.0021943 -0.000272245 0 0.00173575 0 -0.00393005 
28 43 44 0.497067 -0 -0 165 0.0618769 0.00262902 -0.000305119 0 0.00202261 0 -0.00465163 
28 29 44 0.514864 0 -0 165 0.0513705 0.00227925 -0.000222865 0 0.00163411 0 -0.00391336 
29 44 45 0.471958 -0 -0 165 0.0618769 0.00272167 -0.000236802 0 0.00190935 0 -0.00463102 
29 30 45 0.486007 0 -0 165 0.0513705 0.00233783 -0.000149781 0 0.00155858 0 -0.00389641 
30 45 46 0.458183 -0 -0 165 0.0618769 0.00277709 -0.000144239 0 0.00182831 0 -0.0046054 
30 31 46 0.470684 0 -0 165 0.0513705 0.00236551 -6.4706e-05 0 0.00151493 0 -0.00388043 
31 46 47 0.454016 -0 -0 165 0.0618769 0.00280791 -4.0922e-05 0 0.00179391 0 -0.00460182 
32 33 48 0.6219 0 0 165 0.0903969 0.00296707 -2.08518e-05 0 0.00371027 0 -0.00667734 
33 48 49 0.592116 -0 -0 165 0.10841 0.00349112 -4.23117e-05 0 0.00436678 0 -0.0078579 
33 34 49 0.626508 0 0 165 0.0903969 0.00296916 -6.7773e-05 0 0.00370687 0 -0.00667603 
34 49 50 0.592855 -0 -0 165 0.10841 0.00349786 -0.000100352 0 0.00435845 0 -0.00785631 
34 35 50 0.631951 0 0 165 0.0903969 0.00298136 -0.000120352 0 0.00369368 0 -0.00667504 
35 50 51 0.596227 -0 -0 165 0.10841 0.00351517 -0.000161543 0 0.00434039 0 -0.00785555 
35 36 51 0.639522 0 0 165 0.0903969 0.00300028 -0.000172061 0 0.0036723 0 -0.00667258 
36 51 52 0.601261 -0 -0 165 0.10841 0.00353842 -0.000221421 0 0.00431021 0 -0.00784863 
36 37 52 0.648538 0 0 165 0.0903969 0.00302523 -0.000222571 0 0.00364091 0 -0.00666614 
37 52 53 0.607194 -0 -0 165 0.10841 0.00357226 -0.000279931 0 0.00427219 0 -0.00784445 
37 38 53 0.657993 0 -0 165 0.0903969 0.00306012 -0.000271901 0 0.00360244 0 -0.00666256 
38 53 54 0.612833 -0 -0 165 0.10841 0.00361624 -0.000336792 0 0.00422322 0 -0.00783946 
38 39 54 0.666236 0 -0 165 0.0903969 0.00310431 -0.000320096 0 0.00355224 0 -0.00665655 
39 54 55 0.615696 -0 -0 165 0.10841 0.00367256 -0.000392218 0 0.00416082 0 -0.00783338 
39 40 55 0.670015 0 -0 165 0.0903969 0.00316118 -0.000367395 0 0.00348699 0 -0.00664817 
40 55 56 0.611943 -0 -0 165 0.10841 0.00374458 -0.000446275 0 0.00407882 0 -0.00782341 
40 41 56 0.664401 0 -0 165 0.0903969 0.00323674 -0.000413016 0 0.00340023 0 -0.00663697 
41 56 57 0.596724 -0 -0 165 0.10841 0.00383948 -0.000497188 0 0.00396807 0 -0.00780754 
41 42 57 0.643736 0 -0 165 0.0903969 0.00333616 -0.000451491 0 0.00328034 0 -0.0066165 
42 57 58 0.568183 -0 -0 165 0.10841 0.0039638 -0.000536267 0 0.00381521 0 -0.007779 
42 43 58 0.606603 0 -0 165 0.0903969 0.00346355 -0.000469079 0 0.00312197 0 -0.00658552 
43 58 59 0.529987 -0 -0 165 0.10841 0.00412338 -0.000545081 0 0.00362027 0 -0.00774365 
43 44 59 0.558803 0 -0 165 0.0903969 0.00361495 -0.000447181 0 0.00294009 0 -0.00655503 
44 59 60 0.492155 -0 -0 165 0.10841 0.00430334 -0.000501277 0 0.00340423 0 -0.00770756 
44 45 60 0.513008 0 -0 165 0.0903969 0.00375983 -0.000373152 0 0.00276199 0 -0.00652182 
45 60 61 0.463759 -0 -0 165 0.10841 0.00446237 -0.000396065 0 0.00320384 0 -0.00766621 
45 46 61 0.479541 0 -0 165 0.0903969 0.00386347 -0.000254173 0 0.00262093 0 -0.0064844 
46 61 62 0.447659 -0 -0 165 0.10841 0.00456381 -0.000244164 0 0.00305455 0 -0.00761836 
46 47 62 0.460919 0 -0 165 0.0903969 0.00391982 -0.000110446 0 0.00254092 0 -0.00646074 
47 62 63 0.442858 -0 -0 165 0.10841 0.00462726 -6.9524e-05 0 0.00299328 0 -0.00762054 
48 49 64 0.581586 0 0 165 0.156862 0.00484792 -3.40482e-05 0 0.00606406 0 -0.010912 
49 64 65 0.552889 -0 -0 165 0.187299 0.00567923 -6.78211e-05 0 0.0071048 0 -0.012784 
49 50 65 0.586143 0 0 165 0.156862 0.00485112 -0.000108664 0 0.0060591 0 -0.0109102 
50 65 66 0.553899 -0 -0 165 0.187299 0.00568838 -0.000159854 0 0.00709018 0 -0.0127786 
50 51 66 0.591866 0 0 165 0.156862 0.00486892 -0.000192734 0 0.00603624 0 -0.0109052 
51 66 67 0.557608 -0 -0 165 0.187299 0.00571396 -0.000257127 0 0.00705968 0 -0.0127736 
51 52 67 0.599777 0 0 165 0.156862 0.00489835 -0.000275296 0 0.00600174 0 -0.0109001 
52 67 68 0.563186 -0 -0 165 0.187299 0.00575331 -0.000352404 0 0.00701558 0 -0.0127689 
52 53 68 0.609433 0 0 165 0.156862 0.00494041 -0.000355889 0 0.00595533 0 -0.0108957 
53 68 69 0.570272 -0 -0 165 0.187299 0.00580953 -0.000445246 0 0.00695963 0 -0.0127692 
53 54 69 0.620296 0 -0 165 0.156862 0.00499749 -0.000434181 0 0.00589727 0 -0.0108948 
54 69 70 0.577727 -0 -0 165 0.187299 0.00587686 -0.000534552 0 0.0068815 0 -0.0127584 
54 55 70 0.630865 0 -0 165 0.156862 0.00506385 -0.000509286 0 0.00581603 0 -0.0108799 
55 70 71 0.583699 -0 -0 165 0.187299 0.00596281 -0.000620425 0 0.00678353 0 -0.0127463 
55 56 71 0.638646 0 -0 165 0.156862 0.00515492 -0.000582238 0 0.00572015 0 -0.0108751 
56 71 72 0.585359 -0 -0 165 0.187299 0.00607707 -0.000703125 0 0.00666443 0 -0.0127415 
56 57 72 0.639837 0 -0 165 0.156862 0.00526947 -0.000651333 0 0.00559093 0 -0.0108604 
57 72 73 0.577809 -0 -0 165 0.187299 0.00621845 -0.000779664 0 0.00649988 0 -0.0127183 
57 58 73 0.628461 0 -0 165 0.156862 0.0054161 -0.000710295 0 0.00541189 0 -0.010828 
58 73 74 0.558074 -0 -0 165 0.187299 0.00640449 -0.000840839 0 0.00627669 0 -0.0126812 
58 59 74 0.601304 0 -0 165 0.156862 0.00561202 -0.000742813 0 0.00517831 0 -0.0107903 
59 74 75 0.525375 -0 -0 165 0.187299 0.00664615 -0.00086229 0 0.00598592 0 -0.0126321 
59 60 75 0.558964 0 -0 165 0.156862 0.0058459 -0.000718654 0 0.00489202 0 -0.0107379 
60 75 76 0.488834 -0 -0 165 0.187299 0.0069274 -0.000806739 0 0.00564358 0 -0.012571 
60 61 76 0.513364 0 -0 165 0.156862 0.00608738 -0.000612274 0 0.00459763 0 -0.010685 
61 76 77 0.458187 -0 -0 165 0.187299 0.00719772 -0.000650919 0 0.00530979 0 -0.0125075 
61 62 77 0.476241 0 -0 165 0.156862 0.00627304 -0.000424699 0 0.00434962 0 -0.0106227 
62 77 78 0.43991 -0 -0 165 0.187299 0.00738268 -0.000407736 0 0.00504725 0 -0.0124299 
62 63 78 0.454279 0 -0 165 0.156862 0.00638088 -0.000186279 0 0.00420454 0 -0.0105854 
63 78 79 0.434503 -0 -0 165 0.187299 0.00749711 -0.000116755 0 0.00493339 0 -0.0124305 
64 65 80 0.54157 0 0 165 0.268171 0.00782202 -5.46738e-05 0 0.00977799 0 -0.0176 
65 80 81 0.514039 -0 -0 165 0.318605 0.00913253 -0.000106824 0 0.0114133 0 -0.0205458 
65 66 81 0.546015 0 0 165 0.268171 0.00782699 -0.000171162 0 0.00977116 0 -0.0175981 
66 81 82 0.515376 -0 -0 165 0.318605 0.00914122 -0.000250037 0 0.0113846 0 -0.0205258 
66 67 82 0.552049 0 0 165 0.268171 0.00784765 -0.000303122 0 0.00972707 0 -0.0175747 
67 82 83 0.519156 -0 -0 165 0.318605 0.00917652 -0.00040192 0 0.0113324 0 -0.0205089 
67 68 83 0.56 0 0 165 0.268171 0.0078978 -0.000433033 0 0.00967885 0 -0.0175766 
68 83 84 0.525177 -0 -0 165 0.318605 0.00924657 -0.000551238 0 0.0112756 0 -0.0205222 
68 69 84 0.570129 0 0 165 0.268171 0.0079712 -0.000559967 0 0.00961665 0 -0.0175878 
69 84 85 0.532795 -0 -0 165 0.318605 0.00933422 -0.000696047 0 0.0111905 0 -0.0205247 
69 70 85 0.581668 0 0 165 0.268171 0.00805191 -0.000681698 0 0.00951769 0 -0.0175696 
70 85 86 0.541497 -0 -0 165 0.318605 0.00943767 -0.000834749 0 0.0110702 0 -0.0205079 
70 71 86 0.593844 0 -0 165 0.268171 0.00816157 -0.000798743 0 0.00940152 0 -0.0175631 
71 86 87 0.549915 -0 -0 165 0.318605 0.00957649 -0.000967484 0 0.0109296 0 -0.0205061 
71 72 87 0.604778 0 -0 165 0.268171 0.00829987 -0.000910053 0 0.00925586 0 -0.0175557 
72 87 88 0.555633 -0 -0 165 0.318605 0.00974537 -0.00109228 0 0.0107469 0 -0.0204923 
72 73 88 0.611209 0 -0 165 0.268171 0.00847155 -0.00101368 0 0.00906439 0 -0.0175359 
73 88 89 0.554626 -0 -0 165 0.318605 0.00995521 -0.00120619 0 0.0105056 0 -0.0204609 
73 74 89 0.607959 0 -0 165 0.268171 0.00869051 -0.00110271 0 0.00880593 0 -0.0174964 
74 89 90 0.542358 -0 -0 165 0.318605 0.0102255 -0.00129848 0 0.0101817 0 -0.0204072 
74 75 90 0.589715 0 -0 165 0.268171 0.00897365 -0.00115609 0 0.00846003 0 -0.0174337 
75 90 91 0.518061 -0 -0 165 0.318605 0.0105785 -0.00133859 0 0.00975632 0 -0.0203348 
75 76 91 0.556416 0 -0 165 0.268171 0.00933248 -0.00113288 0 0.00803376 0 -0.0173662 
76 91 92 0.484931 -0 -0 165 0.318605 0.0110158 -0.00127272 0 0.00924744 0 -0.0202632 
76 77 92 0.51358 0 -0 165 0.268171 0.00972105 -0.000985231 0 0.00756941 0 -0.0172905 
77 92 93 0.454231 -0 -0 165 0.318605 0.011454 -0.00104873 0 0.00871419 0 -0.0201682 
77 78 93 0.475072 0 -0 165 0.268171 0.0100403 -0.00069746 0 0.0071522 0 -0.0171925 
78 93 94 0.433995 -0 -0 165 0.318605 0.0117758 -0.000668942 0 0.00827005 0 -0.0200459 
78 79 94 0.449827 0 -0 165 0.268171 0.0102344 -0.000309694 0 0.00689395 0 -0.0171284 
79 94 95 0.428016 -0 -0 165 0.318605 0.0119734 -0.00019294 0 0.0080635 0 -0.0200369 
80 81 96 0.502118 0 0 165 0.45066 0.0124868 -8.62315e-05 0 0.0155732 0 -0.02806 
81 96 97 0.475989 -0 -0 165 0.53228 0.0145336 -0.00016493 0 0.0181098 0 -0.0326434 
81 82 97 0.50657 0 0 165 0.45066 0.0124936 -0.000264397 0 0.0155633 0 -0.0280569 
82 97 98 0.476905 -0 -0 165 0.53228 0.0145491 -0.000383489 0 0.0180702 0 -0.0326193 
82 83 98 0.512102 0 0 165 0.45066 0.0125256 -0.000467926 0 0.0154968 0 -0.0280224 
83 98 99 0.481077 -0 -0 165 0.53228 0.014611 -0.000616532 0 0.0180015 0 -0.0326125 
83 84 99 0.520379 0 0 165 0.45066 0.0126107 -0.00066873 0 0.0154339 0 -0.0280446 
84 99 100 0.487525 -0 -0 165 0.53228 0.0147053 -0.000844706 0 0.0179018 0 -0.0326071 
84 85 100 0.530952 0 0 165 0.45066 0.0127042 -0.000863293 0 0.0153174 0 -0.0280216 
85 100 101 0.495559 -0 -0 165 0.53228 0.0148321 -0.00106615 0 0.0177661 0 -0.0325983 
85 86 101 0.543003 0 0 165 0.45066 0.0128479 -0.00105195 0 0.0151918 0 -0.0280397 
86 101 102 0.505092 -0 -0 165 0.53228 0.0150068 -0.00127918 0 0.0176068 0 -0.0326136 
86 87 102 0.556248 0 -0 165 0.45066 0.0130115 -0.00123072 0 0.0150132 0 -0.0280247 
87 102 103 0.515169 -0 -0 165 0.53228 0.0152085 -0.00147996 0 0.0173879 0 -0.0325965 
87 88 103 0.569365 0 -0 165 0.45066 0.013219 -0.00139895 0 0.0147953 0 -0.0280143 
88 103 104 0.523827 -0 -0 165 0.53228 0.0154643 -0.00166721 0 0.0171222 0 -0.0325865 
88 89 104 0.579683 0 -0 165 0.45066 0.0134743 -0.00155305 0 0.0145151 0 -0.0279894 
89 104 105 0.528138 -0 -0 165 0.53228 0.0157712 -0.00183474 0 0.016771 0 -0.0325422 
89 90 105 0.583226 0 -0 165 0.45066 0.0137872 -0.00168365 0 0.0141373 0 -0.0279245 
90 105 106 0.523904 -0 -0 165 0.53228 0.0161625 -0.00197043 0 0.0163108 0 -0.0324733 
90 91 106 0.574704 0 -0 165 0.45066 0.0142057 -0.00176776 0 0.0136515 0 -0.0278572 
91 106 107 0.50725 -0 -0 165 0.53228 0.0166868 -0.00203866 0 0.0157226 0 -0.0324094 
91 92 107 0.550122 0 -0 165 0.45066 0.0147429 -0.00174933 0 0.0130411 0 -0.027784 
92 107 108 0.480018 -0 -0 165 0.53228 0.0173248 -0.00196088 0 0.0149793 0 -0.0323042 
92 93 108 0.513067 0 -0 165 0.45066 0.0153308 -0.00154777 0 0.0123304 0 -0.0276611 
93 108 109 0.450726 -0 -0 165 0.53228 0.0180042 -0.00164775 0 0.0141665 0 -0.0321707 
93 94 109 0.474824 0 -0 165 0.45066 0.015863 -0.0011202 0 0.0116681 0 -0.0275311 
94 109 110 0.429886 -0 -0 165 0.53228 0.0185363 -0.00107215 0 0.01345 0 -0.0319862 
94 95 110 0.447569 0 -0 165 0.45066 0.0161882 -0.000504142 0 0.0112214 0 -0.0274096 
95 110 111 0.423722 -0 -0 165 0.53228 0.0188614 -0.000311202 0 0.0130915 0 -0.0319529 
96 97 112 0.464602 0 0 165 0.7426 0.0197281 -0.00013308 0 0.0244866 0 -0.0442147 
97 112 113 0.442113 -0 -0 165 0.8713 0.0228833 -0.000248367 0 0.0283516 0 -0.0512349 
97 98 113 0.471504 0 0 165 0.7426 0.0197443 -0.00039931 0 0.0244816 0 -0.0442259 
98 113 114 0.443124 -0 -0 165 0.8713 0.0229338 -0.000574129 0 0.0283283 0 -0.051262 
98 99 114 0.477239 0 0 165 0.7426 0.0198239 -0.000706914 0 0.0244216 0 -0.0442455 
99 114 115 0.44842 -0 -0 165 0.8713 0.0230453 -0.000923017 0 0.0282517 0 -0.0512971 
99 100 115 0.486653 0 0 165 0.7426 0.019927 -0.00100861 0 0.0242996 0 -0.0442266 
100 115 116 0.453641 -0 -0 165 0.8713 0.0231746 -0.00126391 0 0.028092 0 -0.0512666 
100 101 116 0.495943 0 0 165 0.7426 0.0200808 -0.00130286 0 0.024143 0 -0.0442238 
101 116 117 0.461929 -0 -0 165 0.8713 0.0233672 -0.0015952 0 0.027898 0 -0.0512653 
101 102 117 0.50823 0 0 165 0.7426 0.0202774 -0.00158572 0 0.0239361 0 -0.0442136 
102 117 118 0.471655 -0 -0 165 0.8713 0.0235947 -0.00191112 0 0.0276275 0 -0.0512221 
102 103 118 0.521792 0 -0 165 0.7426 0.0205211 -0.00185382 0 0.0236728 0 -0.0441938 
103 118 119 0.483488 -0 -0 165 0.8713 0.0239035 -0.00221024 0 0.0273206 0 -0.0512241 
103 104 119 0.537101 0 -0 165 0.7426 0.0208362 -0.00210464 0 0.0233627 0 -0.0441989 
104 119 120 0.494509 -0 -0 165 0.8713 0.0242829 -0.00248594 0 0.0269408 0 -0.0512237 
104 105 120 0.550585 0 -0 165 0.7426 0.021208 -0.0023302 0 0.0229562 0 -0.0441642 
105 120 121 0.501416 -0 -0 165 0.8713 0.0247229 -0.00272776 0 0.0264348 0 -0.0511577 
105 106 121 0.557794 0 -0 165 0.7426 0.0216615 -0.00251907 0 0.0224232 0 -0.0440846 
106 121 122 0.504305 -0 -0 165 0.8713 0.0252932 -0.00292274 0 0.0258047 0 -0.0510978 
106 107 122 0.558024 0 -0 165 0.7426 0.0222753 -0.00264499 0 0.0217635 0 -0.0440388 
107 122 123 0.494254 -0 -0 165 0.8713 0.0260274 -0.00302427 0 0.0249896 0 -0.051017 
107 108 123 0.541379 0 -0 165 0.7426 0.0230208 -0.00262948 0 0.0208869 0 -0.0439077 
108 123 124 0.475544 -0 -0 165 0.8713 0.0269193 -0.00292964 0 0.0239383 0 -0.0508576 
108 109 124 0.513304 0 -0 165 0.7426 0.0238968 -0.00236102 0 0.0198668 0 -0.0437636 
109 124 125 0.452072 -0 -0 165 0.8713 0.0279397 -0.00250418 0 0.0227792 0 -0.0507189 
109 110 125 0.480228 0 -0 165 0.7426 0.0247204 -0.00174287 0 0.0188607 0 -0.0435811 
110 125 126 0.430645 -0 -0 165 0.8713 0.0287721 -0.00165977 0 0.0216908 0 -0.0504629 
110 111 126 0.45091 0 -0 165 0.7426 0.0252613 -0.000796112 0 0.0181501 0 -0.0434113 
111 126 127 0.428344 -0 -0 165 0.8713 0.0293006 -0.00048491 0 0.0211245 0 -0.0504251 
112 113 128 0.0853208 -0.233631 -0.0114031 165 0.999999 0.0288043 -0.000191268 0 0.0353201 0 -0.0641244 
113 128 129 0.0853544 -0.243947 -0.0108452 165 0.999999 0.0315655 -0.000322721 0 0.0384354 0 -0.0700009 
113 114 129 0.0823387 -0.234058 -0.0225497 165 0.999999 0.0288339 -0.000554639 0 0.0353135 0 -0.0641475 
114 129 130 0.0861129 -0.244384 -0.0235843 165 0.999999 0.0315478 -0.000768813 0 0.038412 0 -0.0699598 
114 115 130 0.0838744 -0.234743 -0.0384407 165 0.999999 0.028869 -0.00100441 0 0.0352569 0 -0.0641259 
115 130 131 0.0840237 -0.245417 -0.0391729 165 0.999999 0.0315969 -0.00124837 0 0.0382727 0 -0.0698696 
115 116 131 0.082532 -0.235927 -0.0542742 165 0.999999 0.0290209 -0.00142228 0 0.0350599 0 -0.0640808 
116 131 132 0.0880233 -0.246237 -0.0571612 165 0.999999 0.0317872 -0.00169866 0 0.0380539 0 -0.0698411 
116 117 132 0.0871329 -0.23686 -0.0720492 165 0.999999 0.0292273 -0.00183263 0 0.0348411 0 -0.0640684 
117 132 133 0.091075 -0.247357 -0.0752638 165 0.999999 0.0320602 -0.00210165 0 0.0377918 0 -0.069852 
117 118 133 0.0908467 -0.237432 -0.0911924 165 0.999999 0.0295174 -0.00218961 0 0.03454 0 -0.0640574 
118 133 134 0.0943333 -0.248049 -0.0951169 165 0.999999 0.0323862 -0.0024936 0 0.0374405 0 -0.0698267 
118 119 134 0.09473 -0.23676 -0.112491 165 0.999999 0.0298459 -0.00257152 0 0.0341758 0 -0.0640217 
119 134 135 0.0960818 -0.247785 -0.11692 165 0.999999 0.0327466 -0.00290581 0 0.0369821 0 -0.0697287 
119 120 135 0.0970331 -0.234415 -0.135652 165 0.999999 0.0302509 -0.00292583 0 0.033705 0 -0.0639558 
120 135 136 0.0996014 -0.245241 -0.14141 165 0.999999 0.0332015 -0.00327661 0 0.0363853 0 -0.0695869 
120 121 136 0.101004 -0.228936 -0.161193 165 0.999999 0.0307485 -0.00323428 0 0.0330998 0 -0.0638482 
121 136 137 0.102644 -0.239809 -0.168 165 0.999999 0.0337663 -0.00357937 0 0.0355694 0 -0.0693358 
121 122 137 0.104245 -0.216928 -0.189964 165 0.999999 0.0313724 -0.00347652 0 0.032286 0 -0.0636584 
122 137 138 0.106142 -0.227329 -0.198202 165 0.999999 0.0345363 -0.0037824 0 0.0345144 0 -0.0690507 
122 123 138 0.107566 -0.197302 -0.219958 165 0.999999 0.0322092 -0.00360789 0 0.0312592 0 -0.0634684 
123 138 139 0.106833 -0.207492 -0.229408 165 0.999999 0.0355116 -0.00375735 0 0.0330964 0 -0.068608 
123 124 139 0.10754 -0.165423 -0.250271 165 0.999999 0.0332283 -0.00347389 0 0.0298782 0 -0.0631065 
124 139 140 0.103241 -0.175056 -0.261103 165 0.999999 0.0367083 -0.00338382 0 0.0313188 0 -0.0680272 
124 125 140 0.102714 -0.123079 -0.276367 165 0.999999 0.0344422 -0.00298274 0 0.0282914 0 -0.0627336 
125 140 141 0.0916189 -0.132342 -0.288521 165 0.999999 0.0379615 -0.00261967 0 0.029423 0 -0.0673845 
125 126 141 0.0898736 -0.0752639 -0.294621 165 0.999999 0.0355108 -0.00205801 0 0.0267408 0 -0.0622516 
126 141 142 0.0843997 -0.0810336 -0.308515 165 0.999999 0.0389275 -0.00146869 0 0.0279196 0 -0.0668471 
126 127 142 0.0815565 -0.023988 -0.303831 165 0.999999 0.0362282 -0.000759256 0 0.025844 0 -0.0620722 
127 142 143 0.0689163 -0.0288091 -0.318621 165 0.999999 0.0393926 -0.000274346 0 0.0272171 0 -0.0666097 
128 129 144 0.0734507 -0.296681 -0.0131896 165 0.999999 0.0352569 -0.000239368 0 0.0433715 0 -0.0786284 
129 144 145 0.0799762 -0.309339 -0.0148203 165 0.999999 0.0360946 -0.000460366 0 0.0452281 0 -0.0813226 
129 130 145 0.0772314 -0.297212 -0.0286825 165 0.999999 0.0351171 -0.000757893 0 0.0433904 0 -0.0785074 
130 145 146 0.0810574 -0.309858 -0.0300712 165 0.999999 0.0362382 -0.00102517 0 0.045244 0 -0.0814823 
130 131 146 0.0790953 -0.298468 -0.0476409 165 0.999999 0.0353969 -0.00128005 0 0.0432814 0 -0.0786783 
131 146 147 0.0854712 -0.310892 -0.0505729 165 0.999999 0.0365752 -0.00160842 0 0.0450686 0 -0.0816438 
131 132 147 0.0840948 -0.299466 -0.0695177 165 0.999999 0.0355415 -0.00185312 0 0.043054 0 -0.0785954 
132 147 148 0.0846581 -0.312507 -0.0716034 165 0.999999 0.036777 -0.00220899 0 0.044814 0 -0.081591 
132 133 148 0.0839683 -0.300828 -0.0915336 165 0.999999 0.0358556 -0.00232355 0 0.0427647 0 -0.0786203 
133 148 149 0.0840255 -0.314184 -0.094495 165 0.999999 0.0370439 -0.0027619 0 0.044378 0 -0.0814218 
133 134 149 0.0839607 -0.30167 -0.115678 165 0.999999 0.0361173 -0.00284398 0 0.0423055 0 -0.0784228 
134 149 150 0.0865555 -0.314809 -0.120401 165 0.999999 0.0373522 -0.00332995 0 0.0438367 0 -0.0811889 
134 135 150 0.0870662 -0.301349 -0.142195 165 0.999999 0.0365218 -0.00331385 0 0.041778 0 -0.0782998 
135 150 151 0.0907186 -0.314344 -0.148297 165 0.999999 0.0377372 -0.00391164 0 0.0431247 0 -0.0808619 
135 136 151 0.0917787 -0.298254 -0.171979 165 0.999999 0.0369127 -0.00385438 0 0.0410092 0 -0.0779219 
136 151 152 0.0929159 -0.311702 -0.178844 165 0.999999 0.0382755 -0.00441191 0 0.0422191 0 -0.0804947 
136 137 152 0.0944156 -0.291648 -0.204317 165 0.999999 0.0375822 -0.00417924 0 0.040065 0 -0.0776472 
137 152 153 0.101224 -0.303668 -0.213615 165 0.999999 0.0391445 -0.00467456 0 0.0411134 0 -0.0802579 
137 138 153 0.103013 -0.27647 -0.241047 165 0.999999 0.0384925 -0.00438057 0 0.0388463 0 -0.0773388 
138 153 154 0.101235 -0.289846 -0.250591 165 0.999999 0.0401587 -0.00485582 0 0.0395128 0 -0.0796715 
138 139 154 0.102871 -0.252346 -0.278999 165 0.999999 0.039505 -0.00440711 0 0.0370181 0 -0.0765231 
139 154 155 0.108873 -0.26298 -0.291322 165 0.999999 0.0414128 -0.004698 0 0.0373072 0 -0.0787199 
139 140 155 0.109919 -0.212898 -0.317546 165 0.999999 0.0408994 -0.00395818 0 0.0348261 0 -0.0757255 
140 155 156 0.104511 -0.224633 -0.330544 165 0.999999 0.0428905 -0.00408508 0 0.0346222 0 -0.0775127 
140 141 156 0.104421 -0.16095 -0.35089 165 0.999999 0.0422188 -0.00314765 0 0.0322465 0 -0.0744653 
141 156 157 0.102644 -0.169625 -0.366066 165 0.999999 0.044366 -0.00289211 0 0.0319792 0 -0.0763453 
141 142 157 0.101121 -0.0985506 -0.375206 165 0.999999 0.0435255 -0.00177481 0 0.0303344 0 -0.0738599 
142 157 158 0.0881176 -0.107222 -0.391504 165 0.999999 0.0454771 -0.00139281 0 0.030172 0 -0.075649 
142 143 158 0.0855812 -0.0350368 -0.387497 165 0.999999 0.0440434 -0.000601784 0 0.0291303 0 -0.0731737 
143 158 159 0.0982346 -0.0345236 -0.405241 165 0.999999 0.0459075 -0.000327437 0 0.0291629 0 -0.0750705 
144 145 160 0.065318 -0.366544 -0.017561 165 0.999999 0.0372549 -0.000364404 0 0.0481538 0 -0.0854087 
145 160 161 0.0668533 -0.381701 -0.017889 165 0.999999 0.0376056 -0.000588308 0 0.0492756 0 -0.0868812 
145 146 161 0.0646439 -0.367159 -0.0356321 165 0.999999 0.0375664 -0.000951543 0 0.0482035 0 -0.0857699 
146 161 162 0.059927 -0.38287 -0.0346213 165 0.999999 0.0379894 -0.00126208 0 0.04914 0 -0.0871294 
146 147 162 0.0585285 -0.368385 -0.0599252 165 0.999999 0.0378395 -0.00166407 0 0.0479677 0 -0.0858072 
147 162 163 0.0616557 -0.383813 -0.0626621 165 0.999999 0.0381532 -0.00201865 0 0.0488765 0 -0.0870298 
147 148 163 0.0606937 -0.370298 -0.0848447 165 0.999999 0.0381244 -0.00231887 0 0.0477375 0 -0.0858619 
148 163 164 0.0626098 -0.38594 -0.0882133 165 0.999999 0.0384877 -0.00270628 0 0.048547 0 -0.0870348 
148 149 164 0.0621565 -0.372285 -0.11197 165 0.999999 0.0383285 -0.00303475 0 0.0472369 0 -0.0855654 
149 164 165 0.0693842 -0.387178 -0.118009 165 0.999999 0.0385841 -0.00360253 0 0.0479542 0 -0.0865383 
149 150 165 0.069397 -0.373026 -0.142666 165 0.999999 0.0385344 -0.00381564 0 0.0466264 0 -0.0851609 
150 165 166 0.06986 -0.389028 -0.147967 165 0.999999 0.0389097 -0.00440375 0 0.0472496 0 -0.0861594 
150 151 166 0.070368 -0.372475 -0.175721 165 0.999999 0.0389429 -0.00451584 0 0.0458066 0 -0.0847496 
151 166 167 0.0749289 -0.387722 -0.18346 165 0.999999 0.0395393 -0.00502841 0 0.0464259 0 -0.0859653 
151 152 167 0.0759109 -0.369344 -0.211917 165 0.999999 0.0396965 -0.00498173 0 0.044954 0 -0.0846504 
152 167 168 0.0798605 -0.384575 -0.220923 165 0.999999 0.0404659 -0.00545135 0 0.0454375 0 -0.0859034 
152 153 168 0.0812559 -0.359824 -0.253118 165 0.999999 0.0406072 -0.00537685 0 0.0437511 0 -0.0843583 
153 168 169 0.0802933 -0.375881 -0.262892 165 0.999999 0.041404 -0.00592506 0 0.0439009 0 -0.085305 
153 154 169 0.0818625 -0.343446 -0.296932 165 0.999999 0.0416075 -0.00569802 0 0.0419298 0 -0.0835373 
154 169 170 0.0917505 -0.356226 -0.310345 165 0.999999 0.0425665 -0.00619108 0 0.0417476 0 -0.0843141 
154 155 170 0.093367 -0.311611 -0.345195 165 0.999999 0.0430255 -0.00563978 0 0.0396197 0 -0.0826452 
155 170 171 0.0921957 -0.325869 -0.358948 165 0.999999 0.0442504 -0.00587602 0 0.0391496 0 -0.0834 
155 156 171 0.0933195 -0.266173 -0.391671 165 0.999999 0.0446288 -0.00506115 0 0.0366332 0 -0.081262 
156 171 172 0.10367 -0.275621 -0.408621 165 0.999999 0.0460028 -0.00501086 0 0.0358642 0 -0.081867 
156 157 172 0.103856 -0.200993 -0.433762 165 0.999999 0.0464117 -0.00377925 0 0.033586 0 -0.0799977 
157 172 173 0.0995693 -0.2116 -0.451266 165 0.999999 0.0477677 -0.00342637 0 0.0327956 0 -0.0805633 
157 158 173 0.0984989 -0.12705 -0.463903 165 0.999999 0.0476735 -0.00215723 0 0.0310264 0 -0.0787 
158 173 174 0.107394 -0.131128 -0.48351 165 0.999999 0.0487129 -0.00190274 0 0.0302807 0 -0.0789936 
158 159 174 0.104627 -0.040908 -0.480181 165 0.999999 0.0483806 -0.000863974 0 0.0294589 0 -0.0778394 
159 174 175 0.0991808 -0.0451868 -0.500207 165 0.999999 0.0493498 -0.000536537 0 0.0293531 0 -0.0787029 
160 161 176 0.0417095 -0.441375 -0.0206857 165 0.999999 0.0376341 -0.000401735 0 0.0508434 0 -0.0884774 
161 176 177 0.0402104 -0.459335 -0.0203664 165 0.999999 0.0374149 -0.000650885 0 0.0513346 0 -0.0887495 
161 162 177 0.0389433 -0.442726 -0.0400339 165 0.999999 0.0378094 -0.001148 0 0.0507034 0 -0.0885127 
162 177 178 0.0436546 -0.460505 -0.0427776 165 0.999999 0.0372482 -0.00165319 0 0.0510097 0 -0.0882579 
162 163 178 0.0426897 -0.443816 -0.0724584 165 0.999999 0.037742 -0.00212186 0 0.0503551 0 -0.0880971 
163 178 179 0.0416149 -0.462071 -0.0744234 165 0.999999 0.037491 -0.00257865 0 0.0507155 0 -0.0882065 
163 164 179 0.0410302 -0.446277 -0.102004 165 0.999999 0.0382655 -0.00286285 0 0.0500465 0 -0.088312 
164 179 180 0.0447894 -0.464118 -0.106836 165 0.999999 0.0379082 -0.00348411 0 0.0502538 0 -0.088162 
164 165 180 0.0445074 -0.447708 -0.136458 165 0.999999 0.0383861 -0.00389531 0 0.0494717 0 -0.0878577 
165 180 181 0.0479375 -0.465548 -0.14248 165 0.999999 0.0381774 -0.00444548 0 0.0497478 0 -0.0879252 
165 166 181 0.0480095 -0.449847 -0.171099 165 0.999999 0.0387508 -0.00474081 0 0.0488535 0 -0.0876043 
166 181 182 0.0530369 -0.467374 -0.178871 165 0.999999 0.0387106 -0.00528997 0 0.0490091 0 -0.0877197 
166 167 182 0.0534928 -0.448336 -0.212141 165 0.999999 0.0394659 -0.00546548 0 0.0480246 0 -0.0874905 
167 182 183 0.0521393 -0.467119 -0.219772 165 0.999999 0.0396173 -0.00594555 0 0.0481006 0 -0.0877179 
167 168 183 0.0529008 -0.444698 -0.255461 165 0.999999 0.0404602 -0.0059781 0 0.0469855 0 -0.0874457 
168 183 184 0.0587485 -0.461743 -0.266596 165 0.999999 0.0405646 -0.00662047 0 0.0467505 0 -0.0873151 
168 169 184 0.0598673 -0.434644 -0.303991 165 0.999999 0.0413672 -0.00664193 0 0.0453523 0 -0.0867195 
169 184 185 0.0721323 -0.449522 -0.318049 165 0.999999 0.041622 -0.00729258 0 0.0448952 0 -0.0865173 
169 170 185 0.073642 -0.411916 -0.358863 165 0.999999 0.0426179 -0.00706878 0 0.0432616 0 -0.0858796 
170 185 186 0.0780608 -0.427772 -0.373268 165 0.999999 0.0431363 -0.00756324 0 0.0425679 0 -0.0857042 
170 171 186 0.0796185 -0.376815 -0.415065 165 0.999999 0.0443098 -0.00692178 0 0.0405837 0 -0.0848935 
171 186 187 0.0981543 -0.387402 -0.433309 165 0.999999 0.0449085 -0.00732617 0 0.0394712 0 -0.0843798 
171 172 187 0.0995494 -0.318711 -0.472503 165 0.999999 0.0462231 -0.00623012 0 0.0372681 0 -0.0834912 
172 187 188 0.105141 -0.330489 -0.490855 165 0.999999 0.0469481 -0.00630563 0 0.0359484 0 -0.0828965 
172 173 188 0.105683 -0.24468 -0.521815 165 0.999999 0.0480837 -0.00473349 0 0.0337542 0 -0.0818379 
173 188 189 0.121942 -0.250649 -0.542584 165 0.999999 0.0486461 -0.00468543 0 0.0323437 0 -0.0809898 
173 174 189 0.121014 -0.151628 -0.5591 165 0.999999 0.0493695 -0.00312382 0 0.0306394 0 -0.0800089 
174 189 190 0.126055 -0.157222 -0.580228 165 0.999999 0.0499292 -0.00267953 0 0.0298226 0 -0.0797518 
174 175 190 0.12334 -0.0522512 -0.578407 165 0.999999 0.0502419 -0.00113102 0 0.0293581 0 -0.0796 
175 190 191 0.11993 -0.0564725 -0.600236 165 0.999999 0.0504873 -0.000594481 0 0.0288975 0 -0.0793849 
176 177 192 0.0264675 -0.519915 -0.0230525 165 0.999999 0.0361534 -0.000456454 0 0.0519057 0 -0.0880591 
177 192 193 0.0256061 -0.539987 -0.0232274 165 0.999999 0.0353294 -0.000782757 0 0.0519627 0 -0.0872921 
177 178 193 0.0248461 -0.521239 -0.0484193 165 0.999999 0.0360297 -0.00148238 0 0.0516979 0 -0.0877276 
178 193 194 0.0336377 -0.540742 -0.0532033 165 0.999999 0.0348638 -0.00207907 0 0.0517273 0 -0.0865911 
178 179 194 0.0329593 -0.523011 -0.0842387 165 0.999999 0.0358313 -0.00270667 0 0.0513995 0 -0.0872308 
179 194 195 0.0316684 -0.543189 -0.086526 165 0.999999 0.0351974 -0.00322633 0 0.0513608 0 -0.0865582 
179 180 195 0.0312979 -0.525328 -0.120926 165 0.999999 0.0364998 -0.00371957 0 0.0508842 0 -0.0873839 
180 195 196 0.0346818 -0.545064 -0.126293 165 0.999999 0.0356868 -0.00439418 0 0.0507611 0 -0.0864478 
180 181 196 0.0345351 -0.526947 -0.161272 165 0.999999 0.0368865 -0.00470889 0 0.0504069 0 -0.0872934 
181 196 197 0.0335327 -0.54742 -0.166667 165 0.999999 0.036349 -0.00514614 0 0.0503391 0 -0.0866881 
181 182 197 0.0336504 -0.529014 -0.202461 165 0.999999 0.0375997 -0.00543189 0 0.0498356 0 -0.0874353 
182 197 198 0.0377586 -0.548625 -0.211022 165 0.999999 0.0370754 -0.00603229 0 0.0495321 0 -0.0866075 
182 183 198 0.0381629 -0.528725 -0.248757 165 0.999999 0.0383377 -0.00637045 0 0.0487817 0 -0.0871194 
183 198 199 0.0445501 -0.547655 -0.259511 165 0.999999 0.0380002 -0.00696665 0 0.0482966 0 -0.0862967 
183 184 199 0.0452926 -0.52264 -0.301756 165 0.999999 0.0393843 -0.00718411 0 0.0473805 0 -0.0867647 
184 199 200 0.0526253 -0.5409 -0.314429 165 0.999999 0.0390655 -0.00789729 0 0.0466891 0 -0.0857546 
184 185 200 0.0537198 -0.508808 -0.359995 165 0.999999 0.0405007 -0.0079843 0 0.0456021 0 -0.0861028 
185 200 201 0.0628838 -0.52587 -0.374853 165 0.999999 0.040381 -0.0085722 0 0.0447365 0 -0.0851175 
185 186 201 0.064326 -0.484189 -0.422496 165 0.999999 0.0420207 -0.00837493 0 0.0433359 0 -0.0853566 
186 201 202 0.0831219 -0.497441 -0.440779 165 0.999999 0.042013 -0.00893717 0 0.0420516 0 -0.0840646 
186 187 202 0.0849083 -0.438494 -0.490456 165 0.999999 0.0437273 -0.00852986 0 0.0401711 0 -0.0838984 
187 202 203 0.103652 -0.449765 -0.510155 165 0.999999 0.0439663 -0.00879087 0 0.038675 0 -0.0826413 
187 188 203 0.105364 -0.374076 -0.555592 165 0.999999 0.0458725 -0.00766269 0 0.0366555 0 -0.0825279 
188 203 204 0.138939 -0.378507 -0.578015 165 0.999999 0.0461609 -0.00761092 0 0.0350091 0 -0.08117 
188 189 204 0.139994 -0.283706 -0.614143 165 0.999999 0.047799 -0.0062058 0 0.0328916 0 -0.0806906 
189 204 205 0.161311 -0.288404 -0.63593 165 0.999999 0.0479865 -0.00582845 0 0.0313837 0 -0.0793702 
189 190 205 0.160696 -0.177957 -0.656751 165 0.999999 0.0493933 -0.0038638 0 0.030019 0 -0.0794123 
190 205 206 0.178408 -0.180177 -0.678812 165 0.999999 0.0493232 -0.00327703 0 0.0288599 0 -0.0781831 
190 191 206 0.175434 -0.0639204 -0.679399 165 0.999999 0.0501045 -0.00155623 0 0.0282029 0 -0.0783074 
191 206 207 0.201001 -0.0601728 -0.701439 165 0.999999 0.0497422 -0.000961748 0 0.027549 0 -0.0772912 
192 193 208 0.020635 -0.600125 -0.0258142 165 0.999999 0.0333155 -0.000560449 0 0.0518302 0 -0.0851457 
193 208 209 0.0226541 -0.621523 -0.0272375 165 0.999999 0.0321971 -0.000941587 0 0.0515604 0 -0.0837576 
193 194 209 0.0220298 -0.600964 -0.0591286 165 0.999999 0.0330452 -0.00176058 0 0.0517223 0 -0.0847674 
194 209 210 0.0281824 -0.621954 -0.0632969 165 0.999999 0.0316848 -0.00232291 0 0.0515311 0 -0.0832159 
194 195 210 0.0276819 -0.603683 -0.0961624 165 0.999999 0.0328695 -0.00316105 0 0.0514975 0 -0.084367 
195 210 211 0.0292966 -0.624911 -0.0997927 165 0.999999 0.0320172 -0.00369187 0 0.0510794 0 -0.0830966 
195 196 211 0.0290308 -0.605767 -0.140358 165 0.999999 0.0335321 -0.00443176 0 0.0508196 0 -0.0843517 
196 211 212 0.0301692 -0.627102 -0.145346 165 0.999999 0.0325355 -0.00496137 0 0.0504399 0 -0.0829754 
196 197 212 0.0301274 -0.608386 -0.185229 165 0.999999 0.0341526 -0.00536104 0 0.0503135 0 -0.0844662 
197 212 213 0.0306819 -0.629922 -0.19159 165 0.999999 0.0335011 -0.00573816 0 0.0498362 0 -0.0833373 
197 198 213 0.0308721 -0.609725 -0.234524 165 0.999999 0.0351732 -0.00612366 0 0.0495583 0 -0.0847315 
198 213 214 0.035562 -0.630442 -0.243884 165 0.999999 0.034429 -0.00673478 0 0.0488739 0 -0.0833029 
198 199 214 0.0360269 -0.608648 -0.288413 165 0.999999 0.0359937 -0.00723961 0 0.0483626 0 -0.0843563 
199 214 215 0.0446811 -0.628178 -0.300529 165 0.999999 0.0353854 -0.00788565 0 0.0474775 0 -0.0828629 
199 200 215 0.0455267 -0.60114 -0.349447 165 0.999999 0.037073 -0.00832587 0 0.0467202 0 -0.0837932 
200 215 216 0.0570154 -0.619334 -0.36391 165 0.999999 0.0365299 -0.00891778 0 0.0457319 0 -0.0822618 
200 201 216 0.0583312 -0.584436 -0.4166 165 0.999999 0.0384027 -0.0090771 0 0.0448353 0 -0.083238 
201 216 217 0.0744552 -0.600395 -0.43368 165 0.999999 0.0380628 -0.00958766 0 0.0435708 0 -0.0816336 
201 202 217 0.0763072 -0.552841 -0.489868 165 0.999999 0.0400334 -0.00964499 0 0.0421877 0 -0.0822211 
202 217 218 0.104891 -0.563686 -0.510594 165 0.999999 0.0397692 -0.0101379 0 0.0405853 0 -0.0803545 
202 203 218 0.107341 -0.499856 -0.566971 165 0.999999 0.0419877 -0.00969109 0 0.0389531 0 -0.0809409 
203 218 219 0.139479 -0.507306 -0.588986 165 0.999999 0.0418254 -0.00987003 0 0.0371843 0 -0.0790097 
203 204 219 0.142017 -0.420662 -0.642388 165 0.999999 0.0440924 -0.00891804 0 0.0352599 0 -0.0793522 
204 219 220 0.176195 -0.424547 -0.665089 165 0.999999 0.0438528 -0.00878594 0 0.0333524 0 -0.0772052 
204 205 220 0.177921 -0.320523 -0.706753 165 0.999999 0.0461089 -0.00710148 0 0.0315938 0 -0.0777026 
205 220 221 0.21991 -0.318725 -0.729952 165 0.999999 0.0456583 -0.00662712 0 0.0298553 0 -0.0755136 
205 206 221 0.21971 -0.200244 -0.754411 165 0.999999 0.0474659 -0.00476733 0 0.0284861 0 -0.075952 
206 221 222 0.24906 -0.198723 -0.776197 165 0.999999 0.0467371 -0.00396022 0 0.027445 0 -0.0741821 
206 207 222 0.24578 -0.0668742 -0.779558 165 0.999999 0.0482321 -0.00187544 0 0.0271649 0 -0.0753971 
207 222 223 0.254564 -0.0680158 -0.800552 165 0.999999 0.0473089 -0.000913693 0 0.026588 0 -0.0738969 
208 209 224 0.029309 -0.68061 -0.0298269 165 0.999999 0.0298504 -0.000644718 0 0.0508681 0 -0.0807185 
209 224 225 0.0345431 -0.702403 -0.032503 165 0.999999 0.0285551 -0.00107727 0 0.0503779 0 -0.0789331 
209 210 225 0.033689 -0.681082 -0.0693144 165 0.999999 0.0295415 -0.00193646 0 0.0508792 0 -0.0804206 
210 225 226 0.031827 -0.703135 -0.0703789 165 0.999999 0.0282881 -0.00245129 0 0.05043 0 -0.0787182 
210 211 226 0.0313596 -0.68432 -0.10928 165 0.999999 0.0295792 -0.00336856 0 0.0506639 0 -0.0802431 
211 226 227 0.0362175 -0.70588 -0.114259 165 0.999999 0.0286306 -0.00390181 0 0.0499591 0 -0.0785897 
211 212 227 0.0359947 -0.686719 -0.159164 165 0.999999 0.030072 -0.00475474 0 0.0499949 0 -0.0800669 
212 227 228 0.0377044 -0.708582 -0.164454 165 0.999999 0.0291054 -0.005196 0 0.0493529 0 -0.0784583 
212 213 228 0.0377728 -0.689808 -0.209804 165 0.999999 0.0309173 -0.00577975 0 0.0493206 0 -0.080238 
213 228 229 0.0454143 -0.710584 -0.218672 165 0.999999 0.0302135 -0.0062428 0 0.0484707 0 -0.0786842 
213 214 229 0.045834 -0.690377 -0.267069 165 0.999999 0.0320531 -0.00681232 0 0.0483019 0 -0.080355 
214 229 230 0.0536322 -0.710744 -0.277463 165 0.999999 0.0311661 -0.00743393 0 0.0473578 0 -0.0785238 
214 215 230 0.0544946 -0.687898 -0.329099 165 0.999999 0.0329336 -0.00800243 0 0.0470447 0 -0.0799783 
215 230 231 0.066344 -0.706837 -0.342194 165 0.999999 0.0321369 -0.00865532 0 0.0459253 0 -0.0780621 
215 216 231 0.0677873 -0.678213 -0.398507 165 0.999999 0.0340455 -0.00913045 0 0.0453698 0 -0.0794153 
216 231 232 0.085995 -0.694657 -0.414675 165 0.999999 0.0333842 -0.0096808 0 0.0441299 0 -0.0775141 
216 217 232 0.088207 -0.657474 -0.47491 165 0.999999 0.0355287 -0.00997869 0 0.0432275 0 -0.0787562 
217 232 233 0.115343 -0.670086 -0.494223 165 0.999999 0.034998 -0.0105289 0 0.0416639 0 -0.0766618 
217 218 233 0.118464 -0.617274 -0.559135 165 0.999999 0.0372678 -0.0106308 0 0.0404048 0 -0.0776726 
218 233 234 0.145465 -0.627954 -0.579287 165 0.999999 0.0367968 -0.0110124 0 0.038648 0 -0.0754448 
218 219 234 0.149153 -0.555534 -0.64498 165 0.999999 0.0391358 -0.0106985 0 0.0370597 0 -0.0761955 
219 234 235 0.197008 -0.557478 -0.668833 165 0.999999 0.0387501 -0.0107252 0 0.0351052 0 -0.0738553 
219 220 235 0.200933 -0.464908 -0.728318 165 0.999999 0.0412001 -0.00976463 0 0.0333223 0 -0.0745224 
220 235 236 0.253332 -0.462176 -0.751948 165 0.999999 0.0408097 -0.00930282 0 0.0314296 0 -0.0722392 
220 221 236 0.256318 -0.349026 -0.799348 165 0.999999 0.0430118 -0.00784977 0 0.0297212 0 -0.072733 
221 236 237 0.294432 -0.34731 -0.820646 165 0.999999 0.0423364 -0.00697398 0 0.0281741 0 -0.0705105 
221 222 237 0.295017 -0.217615 -0.849989 165 0.999999 0.0442541 -0.00494421 0 0.0272671 0 -0.0715212 
222 237 238 0.337257 -0.211334 -0.870483 165 0.999999 0.0432977 -0.0037923 0 0.0263928 0 -0.0696905 
222 223 238 0.334157 -0.0744819 -0.87666 165 0.999999 0.0448575 -0.00184656 0 0.0259938 0 -0.0708513 
223 238 239 0.343873 -0.0752638 -0.8954 165 0.999999 0.0434881 -0.000932863 0 0.0254998 0 -0.0689879 
224 225 240 0.0633137 -0.760065 -0.0351712 165 0.999999 0.0259955 -0.000736076 0 0.0493134 0 -0.0753089 
225 240 241 0.068031 -0.781034 -0.0373516 165 0.999999 0.0245249 -0.00125985 0 0.0487338 0 -0.0732587 
225 226 241 0.066636 -0.760858 -0.0761566 165 0.999999 0.0258312 -0.00211587 0 0.0493492 0 -0.0751804 
226 241 242 0.062294 -0.782374 -0.0757859 165 0.999999 0.0246796 -0.00260608 0 0.0486837 0 -0.0733633 
226 227 242 0.0616408 -0.763829 -0.123639 165 0.999999 0.026188 -0.00347476 0 0.0490597 0 -0.0752477 
227 242 243 0.0685642 -0.784511 -0.129102 165 0.999999 0.0250662 -0.0040536 0 0.0482274 0 -0.0732937 
227 228 243 0.0684077 -0.766752 -0.177954 165 0.999999 0.0265422 -0.00492191 0 0.0484849 0 -0.0750271 
228 243 244 0.075449 -0.787108 -0.184766 165 0.999999 0.0256232 -0.00540968 0 0.0476002 0 -0.0732234 
228 229 244 0.0758742 -0.768919 -0.236624 165 0.999999 0.0274825 -0.00614681 0 0.0476183 0 -0.0751009 
229 244 245 0.0850365 -0.78856 -0.245533 165 0.999999 0.0266064 -0.00676328 0 0.0465621 0 -0.0731685 
229 230 245 0.0861441 -0.769092 -0.300241 165 0.999999 0.0284503 -0.00748088 0 0.0464704 0 -0.0749207 
230 245 246 0.0976674 -0.787755 -0.311245 165 0.999999 0.0274973 -0.00809876 0 0.0453803 0 -0.0728775 
230 231 246 0.0995943 -0.764863 -0.370286 165 0.999999 0.0294162 -0.0087047 0 0.0451483 0 -0.0745645 
231 246 247 0.115926 -0.781675 -0.383992 165 0.999999 0.0285984 -0.00931302 0 0.043875 0 -0.0724734 
231 232 247 0.118834 -0.751683 -0.448717 165 0.999999 0.0306577 -0.00981399 0 0.0434121 0 -0.0740698 
232 247 248 0.140471 -0.766014 -0.464957 165 0.999999 0.030021 -0.0103665 0 0.0418998 0 -0.0719207 
232 233 248 0.144485 -0.725096 -0.534796 165 0.999999 0.0322167 -0.0107835 0 0.041054 0 -0.0732707 
233 248 249 0.174788 -0.735431 -0.553883 165 0.999999 0.0316322 -0.0112282 0 0.0393331 0 -0.0709653 
233 234 249 0.17998 -0.679505 -0.626843 165 0.999999 0.0339425 -0.0113552 0 0.0381862 0 -0.0721287 
234 249 250 0.228221 -0.682304 -0.649591 165 0.999999 0.0334289 -0.011517 0 0.0363457 0 -0.0697745 
234 235 250 0.234455 -0.603243 -0.72374 165 0.999999 0.0358975 -0.0112008 0 0.0348529 0 -0.0707504 
235 250 251 0.286447 -0.601847 -0.746307 165 0.999999 0.0354156 -0.0109754 0 0.0328901 0 -0.0683057 
235 236 251 0.292682 -0.500118 -0.813678 165 0.999999 0.0378778 -0.0100379 0 0.0312496 0 -0.0691274 
236 251 252 0.344455 -0.495575 -0.834969 165 0.999999 0.0372607 -0.00932203 0 0.02941 0 -0.0666707 
236 237 252 0.349344 -0.375822 -0.888015 165 0.999999 0.0395172 -0.00771116 0 0.0280428 0 -0.06756 
237 252 253 0.402953 -0.367549 -0.90777 165 0.999999 0.0385886 -0.00650131 0 0.0267775 0 -0.0653661 
237 238 253 0.404856 -0.228683 -0.941944 165 0.999999 0.0404514 -0.00461221 0 0.0260344 0 -0.0664859 
238 253 254 0.432544 -0.22577 -0.958572 165 0.999999 0.0390214 -0.00340086 0 0.0254596 0 -0.064481 
238 239 254 0.430415 -0.0814424 -0.968906 165 0.999999 0.0404983 -0.00166725 0 0.025324 0 -0.0658223 
239 254 255 0.461163 -0.075042 -0.984565 165 0.999999 0.0388149 -0.000734392 0 0.0252775 0 -0.0640924 
240 241 256 0.124234 -0.837095 -0.0400327 165 0.999999 0.0218181 -0.000886451 0 0.0474604 0 -0.0692785 
241 256 257 0.123783 -0.85598 -0.0395925 165 0.999999 0.0205052 -0.00139089 0 0.0467917 0 -0.0672969 
241 242 257 0.121902 -0.838532 -0.0812257 165 0.999999 0.0220604 -0.00225449 0 0.0473996 0 -0.06946 
242 257 258 0.120291 -0.857825 -0.0812855 165 0.999999 0.0210436 -0.00273596 0 0.046554 0 -0.0675976 
242 243 258 0.119622 -0.840823 -0.138369 165 0.999999 0.0225411 -0.00366639 0 0.0470058 0 -0.0695469 
243 258 259 0.127228 -0.859358 -0.143438 165 0.999999 0.0214702 -0.00424971 0 0.0460746 0 -0.0675447 
243 244 259 0.127507 -0.843605 -0.198028 165 0.999999 0.0230763 -0.00512469 0 0.0464115 0 -0.0694878 
244 259 260 0.136339 -0.861627 -0.204716 165 0.999999 0.022194 -0.00566663 0 0.0453457 0 -0.0675396 
244 245 260 0.137706 -0.845163 -0.263157 165 0.999999 0.0238647 -0.00656809 0 0.0454782 0 -0.0693429 
245 260 261 0.147975 -0.862509 -0.271524 165 0.999999 0.0229294 -0.0071929 0 0.0443324 0 -0.0672618 
245 246 261 0.150533 -0.8443 -0.333586 165 0.999999 0.024718 -0.00800598 0 0.0443263 0 -0.0690443 
246 261 262 0.165907 -0.859977 -0.344759 165 0.999999 0.0239105 -0.0085425 0 0.0430849 0 -0.0669954 
246 247 262 0.169842 -0.837783 -0.411555 165 0.999999 0.0258719 -0.0092436 0 0.0428656 0 -0.0687375 
247 262 263 0.191016 -0.851108 -0.425395 165 0.999999 0.0251356 -0.00974457 0 0.0414787 0 -0.0666143 
247 248 263 0.19652 -0.820998 -0.498331 165 0.999999 0.0272253 -0.0103665 0 0.0409759 0 -0.0682012 
248 263 264 0.225493 -0.830862 -0.514901 165 0.999999 0.0265859 -0.0107804 0 0.0394005 0 -0.0659863 
248 249 264 0.232695 -0.78822 -0.59364 165 0.999999 0.0287971 -0.0112251 0 0.0386035 0 -0.0674006 
249 264 265 0.269642 -0.793913 -0.61227 165 0.999999 0.0282202 -0.0114447 0 0.0368935 0 -0.0651137 
249 250 265 0.27836 -0.731279 -0.696218 165 0.999999 0.0305417 -0.0116095 0 0.0357825 0 -0.0663242 
250 265 266 0.325538 -0.731457 -0.716501 165 0.999999 0.0300412 -0.0115394 0 0.0338942 0 -0.0639354 
250 251 266 0.335111 -0.645047 -0.799876 165 0.999999 0.0324465 -0.0112213 0 0.0324946 0 -0.064941 
251 266 267 0.389663 -0.64001 -0.820196 165 0.999999 0.0319588 -0.0106449 0 0.0305819 0 -0.0625407 
251 252 267 0.398915 -0.531147 -0.894903 165 0.999999 0.0343108 -0.00968305 0 0.0291378 0 -0.0634487 
252 267 268 0.452259 -0.523467 -0.913252 165 0.999999 0.0336205 -0.00851465 0 0.0275678 0 -0.0611883 
252 253 268 0.459601 -0.393932 -0.972929 165 0.999999 0.0356418 -0.00694378 0 0.0265746 0 -0.0622164 
253 268 269 0.513656 -0.383187 -0.989157 165 0.999999 0.0344695 -0.00548284 0 0.0256983 0 -0.0601678 
253 254 269 0.517592 -0.241975 -1.02738 165 0.999999 0.0359863 -0.00382902 0 0.0253263 0 -0.0613126 
254 269 270 0.558724 -0.233037 -1.0405 165 0.999999 0.0343281 -0.0026655 0 0.0250332 0 -0.0593613 
254 255 270 0.558042 -0.0804284 -1.05524 165 0.999999 0.0356798 -0.00130447 0 0.02512 0 -0.0607998 
255 270 271 0.576299 -0.0771105 -1.06621 165 0.999999 0.033938 -0.00057008 0 0.0251281 0 -0.0590661 
256 257 272 0.190913 -0.910557 -0.0421169 165 0.999999 0.0183146 -0.000896136 0 0.0452485 0 -0.0635631 
257 272 273 0.187792 -0.926707 -0.0401417 165 0.999999 0.0174481 -0.00131807 0 0.0443902 0 -0.0618383 
257 258 273 0.185912 -0.91252 -0.0864683 165 0.999999 0.0186218 -0.0022943 0 0.0450878 0 -0.0637096 
258 273 274 0.205056 -0.927314 -0.0945448 165 0.999999 0.017652 -0.00287855 0 0.0440944 0 -0.0617464 
258 259 274 0.204877 -0.91415 -0.152584 165 0.999999 0.0190029 -0.00390354 0 0.0446294 0 -0.0636322 
259 274 275 0.208582 -0.929637 -0.155265 165 0.999999 0.0180805 -0.00450022 0 0.0435713 0 -0.0616518 
259 260 275 0.210122 -0.916565 -0.217768 165 0.999999 0.0196655 -0.00538834 0 0.0439506 0 -0.0636161 
260 275 276 0.222903 -0.930555 -0.22496 165 0.999999 0.0187715 -0.00601754 0 0.042783 0 -0.0615545 
260 261 276 0.226231 -0.917503 -0.288837 165 0.999999 0.0203647 -0.00692064 0 0.0430323 0 -0.063397 
261 276 277 0.237725 -0.931086 -0.296365 165 0.999999 0.0196096 -0.00743991 0 0.041786 0 -0.0613956 
261 262 277 0.242978 -0.914809 -0.366741 165 0.999999 0.0213668 -0.00824869 0 0.0418448 0 -0.0632115 
262 277 278 0.260599 -0.926378 -0.377139 165 0.999999 0.0207314 -0.00868182 0 0.0404755 0 -0.0612069 
262 263 278 0.267928 -0.905374 -0.452518 165 0.999999 0.0225388 -0.00947659 0 0.0403288 0 -0.0628677 
263 278 279 0.290386 -0.914668 -0.46494 165 0.999999 0.0219516 -0.00985568 0 0.0388119 0 -0.0607635 
263 264 279 0.299907 -0.883838 -0.547732 165 0.999999 0.023909 -0.0105376 0 0.0383864 0 -0.0622954 
264 279 280 0.32665 -0.890561 -0.56162 165 0.999999 0.0234256 -0.0107474 0 0.0367304 0 -0.0601561 
264 265 280 0.338208 -0.844533 -0.651309 165 0.999999 0.0255256 -0.0112098 0 0.0360345 0 -0.0615601 
265 280 281 0.37606 -0.846221 -0.667745 165 0.999999 0.0250836 -0.0111727 0 0.0342773 0 -0.0593609 
265 266 281 0.389239 -0.778095 -0.762185 165 0.999999 0.0272777 -0.0113373 0 0.0332479 0 -0.0605256 
266 281 282 0.437085 -0.774315 -0.779776 165 0.999999 0.0269059 -0.0108694 0 0.0314022 0 -0.0583081 
266 267 282 0.450885 -0.680817 -0.872491 165 0.999999 0.0291818 -0.010495 0 0.0301358 0 -0.0593175 
267 282 283 0.502689 -0.673042 -0.889099 165 0.999999 0.0287327 -0.00950199 0 0.0284157 0 -0.0571484 
267 268 283 0.515649 -0.556844 -0.971482 165 0.999999 0.0308194 -0.00848353 0 0.0272918 0 -0.0581112 
268 283 284 0.575865 -0.54359 -0.986823 165 0.999999 0.0300079 -0.00703564 0 0.026064 0 -0.056072 
268 269 284 0.58637 -0.407619 -1.05223 165 0.999999 0.0316368 -0.00560583 0 0.0254637 0 -0.0571005 
269 284 285 0.642772 -0.393098 -1.06413 165 0.999999 0.0302732 -0.00412866 0 0.0249301 0 -0.0552033 
269 270 285 0.649406 -0.247896 -1.10684 165 0.999999 0.0314478 -0.00284214 0 0.0248715 0 -0.0563193 
270 285 286 0.701961 -0.232714 -1.11531 165 0.999999 0.0296746 -0.00175182 0 0.0248783 0 -0.054553 
270 271 286 0.703838 -0.0820271 -1.13419 165 0.999999 0.0308131 -0.000840778 0 0.0250481 0 -0.0558612 
271 286 287 0.70886 -0.0817656 -1.13932 165 0.999999 0.0290103 -0.000270698 0 0.0252457 0 -0.054256 
272 273 288 0.278284 -0.979722 -0.0424382 165 0.999999 0.0155147 -0.000820016 0 0.04264 0 -0.0581547 
273 288 289 0.290572 -0.991115 -0.0467702 165 0.999999 0.0146374 -0.0012728 0 0.0416919 0 -0.0563293 
273 274 289 0.289067 -0.980364 -0.0999535 165 0.999999 0.015601 -0.00235512 0 0.0424487 0 -0.0580497 
274 289 290 0.28949 -0.992026 -0.0998812 165 0.999999 0.0148988 -0.00284605 0 0.0413657 0 -0.0562645 
274 275 290 0.290763 -0.98282 -0.164147 165 0.999999 0.0160274 -0.00396617 0 0.0419533 0 -0.0579807 
275 290 291 0.304808 -0.992978 -0.170394 165 0.999999 0.0154966 -0.00434876 0 0.0407918 0 -0.0562884 
275 276 291 0.308508 -0.98379 -0.23783 165 0.999999 0.0166558 -0.00551201 0 0.0412422 0 -0.0578979 
276 291 292 0.313882 -0.994567 -0.241245 165 0.999999 0.01613 -0.00586977 0 0.0400056 0 -0.0561356 
276 277 292 0.320113 -0.984352 -0.313319 165 0.999999 0.0174906 -0.00689456 0 0.0403002 0 -0.0577908 
277 292 293 0.339055 -0.992175 -0.322379 165 0.999999 0.0169864 -0.00722339 0 0.0389575 0 -0.0559439 
277 278 293 0.348053 -0.979374 -0.398714 165 0.999999 0.01847 -0.00820186 0 0.0390741 0 -0.0575441 
278 293 294 0.361113 -0.987442 -0.406038 165 0.999999 0.0179955 -0.00848503 0 0.0376323 0 -0.0556278 
278 279 294 0.372847 -0.966994 -0.491538 165 0.999999 0.0196697 -0.00934408 0 0.0375167 0 -0.0571864 
279 294 295 0.394465 -0.972024 -0.501866 165 0.999999 0.01927 -0.0094927 0 0.0359726 0 -0.0552425 
279 280 295 0.40893 -0.941509 -0.593749 165 0.999999 0.0210685 -0.0102142 0 0.0356118 0 -0.0566803 
280 295 296 0.435072 -0.943904 -0.605237 165 0.999999 0.0207747 -0.0100912 0 0.0340155 0 -0.0547902 
280 281 296 0.451918 -0.894632 -0.705945 165 0.999999 0.0226898 -0.0105873 0 0.033377 0 -0.0560668 
281 296 297 0.489685 -0.891808 -0.719699 165 0.999999 0.0224431 -0.0101831 0 0.0316528 0 -0.0540958 
281 282 297 0.508127 -0.818612 -0.824386 165 0.999999 0.0244651 -0.0103005 0 0.0307073 0 -0.0551723 
282 297 298 0.554598 -0.810768 -0.838535 165 0.999999 0.0242189 -0.00946249 0 0.028984 0 -0.0532029 
282 283 298 0.573334 -0.711546 -0.939962 165 0.999999 0.0262107 -0.00903842 0 0.0279588 0 -0.0541695 
283 298 299 0.628708 -0.698282 -0.953351 165 0.999999 0.0257513 -0.00776252 0 0.0264916 0 -0.052243 
283 284 299 0.646064 -0.574688 -1.04328 165 0.999999 0.0274618 -0.00677821 0 0.0257208 0 -0.0531826 
284 299 300 0.714431 -0.554503 -1.05505 165 0.999999 0.0265243 -0.00519525 0 0.0248379 0 -0.0513621 
284 285 300 0.728785 -0.415586 -1.12501 165 0.999999 0.0277069 -0.00397551 0 0.0246475 0 -0.0523543 
285 300 301 0.792438 -0.394736 -1.13204 165 0.999999 0.0261904 -0.00252555 0 0.0244284 0 -0.0506188 
285 286 301 0.802512 -0.246028 -1.17911 165 0.999999 0.0269836 -0.00158837 0 0.0247178 0 -0.0517014 
286 301 302 0.858927 -0.226207 -1.18145 165 0.999999 0.025123 -0.000725062 0 0.02489 0 -0.0500131 
286 287 302 0.864885 -0.0864433 -1.2045 165 0.999999 0.0260113 -0.000318424 0 0.0252481 0 -0.0512594 
287 302 303 0.907261 -0.0708412 -1.20266 165 0.999999 0.0243138 -4.77252e-05 0 0.0253591 0 -0.0496729 
288 289 304 0.385196 -1.0427 -0.0492047 165 0.999999 0.0133504 -0.000804739 0 0.039636 0 -0.0529864 
289 304 305 0.377802 -1.04967 -0.0452381 165 0.999999 0.0129959 -0.00113544 0 0.0384839 0 -0.0514798 
289 290 305 0.377904 -1.04366 -0.10508 165 0.999999 0.0135807 -0.00209444 0 0.0394567 0 -0.0530375 
290 305 306 0.386058 -1.05012 -0.108195 165 0.999999 0.0132611 -0.00247294 0 0.0382396 0 -0.0515006 
290 291 306 0.389529 -1.04466 -0.179263 165 0.999999 0.0140483 -0.00360714 0 0.0389871 0 -0.0530354 
291 306 307 0.392972 -1.05126 -0.180804 165 0.999999 0.013652 -0.00396097 0 0.0377448 0 -0.0513968 
291 292 307 0.399626 -1.04634 -0.253802 165 0.999999 0.0145745 -0.00506035 0 0.038313 0 -0.0528874 
292 307 308 0.414846 -1.0508 -0.260417 165 0.999999 0.0142473 -0.00532151 0 0.0370056 0 -0.0512529 
292 293 308 0.424828 -1.04382 -0.339159 165 0.999999 0.0152985 -0.00645976 0 0.0373556 0 -0.0526541 
293 308 309 0.427366 -1.04993 -0.341165 165 0.999999 0.0150317 -0.00662226 0 0.035987 0 -0.0510187 
293 294 309 0.440586 -1.03884 -0.427173 165 0.999999 0.0162451 -0.00766906 0 0.0361471 0 -0.0523921 
294 309 310 0.46078 -1.04059 -0.435644 165 0.999999 0.0161045 -0.00764232 0 0.0347256 0 -0.0508301 
294 295 310 0.477458 -1.02262 -0.52799 165 0.999999 0.0174552 -0.0086069 0 0.0346666 0 -0.0521218 
295 310 311 0.496049 -1.02347 -0.535642 165 0.999999 0.0173233 -0.00844839 0 0.0331665 0 -0.0504898 
295 296 311 0.516011 -0.993037 -0.636741 165 0.999999 0.0188442 -0.00921125 0 0.0328762 0 -0.0517204 
296 311 312 0.548616 -0.988517 -0.647788 165 0.999999 0.0187721 -0.00880849 0 0.0312804 0 -0.0500525 
296 297 312 0.57148 -0.938229 -0.757161 165 0.999999 0.0204558 -0.00928426 0 0.0306955 0 -0.0511513 
297 312 313 0.615291 -0.928157 -0.769464 165 0.999999 0.0203603 -0.00861699 0 0.0290355 0 -0.0493959 
297 298 313 0.640047 -0.85297 -0.882182 165 0.999999 0.0221014 -0.00867785 0 0.0282695 0 -0.0503709 
298 313 314 0.69677 -0.836188 -0.894647 165 0.999999 0.0218936 -0.00758896 0 0.0267565 0 -0.0486501 
298 299 314 0.721907 -0.734629 -1.00298 165 0.999999 0.0235517 -0.0070977 0 0.0260039 0 -0.0495556 
299 314 315 0.785814 -0.712717 -1.01297 165 0.999999 0.0230184 -0.00563171 0 0.0248582 0 -0.0478766 
299 300 315 0.809094 -0.583367 -1.10997 165 0.999999 0.0242805 -0.00471357 0 0.024463 0 -0.0487435 
300 315 316 0.876935 -0.557698 -1.1159 165 0.999999 0.023183 -0.00315021 0 0.0239013 0 -0.0470843 
300 301 316 0.896407 -0.415283 -1.19097 165 0.999999 0.0239104 -0.00218193 0 0.024057 0 -0.0479674 
301 316 317 0.995593 -0.376516 -1.19407 165 0.999999 0.0222918 -0.000984671 0 0.024015 0 -0.0463068 
301 302 317 1.01077 -0.237981 -1.24294 165 0.999999 0.0227113 -0.000464978 0 0.0245586 0 -0.0472699 
302 317 318 1.07245 -0.211102 -1.23669 165 0.999999 0.0209323 5.92261e-05 0 0.0246642 0 -0.0455965 
302 303 318 1.08457 -0.0745286 -1.26526 165 0.999999 0.0216465 6.98402e-05 0 0.0251067 0 -0.0467532 
303 318 319 1.09504 -0.0663172 -1.25355 165 0.999999 0.020122 0.000117565 0 0.0250392 0 -0.0451612 
304 305 320 0.482935 -1.09982 -0.0473992 165 0.999999 0.0123584 -0.000653708 0 0.0362297 0 -0.0485881 
305 320 321 0.480216 -1.10129 -0.0459847 165 0.999999 0.0121318 -0.000972471 0 0.0350785 0 -0.0472103 
305 306 321 0.482855 -1.10029 -0.113364 165 0.999999 0.0124496 -0.00183271 0 0.0361155 0 -0.0485651 
306 321 322 0.48766 -1.10138 -0.115337 165 0.999999 0.0122978 -0.0021742 0 0.0348809 0 -0.0471787 
306 307 322 0.494527 -1.10148 -0.189442 165 0.999999 0.0127129 -0.00316827 0 0.0357628 0 -0.0484756 
307 322 323 0.493983 -1.10292 -0.189188 165 0.999999 0.0125949 -0.00339491 0 0.0344666 0 -0.0470615 
307 308 323 0.504703 -1.101 -0.272858 165 0.999999 0.0132068 -0.00444878 0 0.0351412 0 -0.048348 
308 323 324 0.508963 -1.10169 -0.274659 165 0.999999 0.0131723 -0.00457446 0 0.0337827 0 -0.0469551 
308 309 324 0.523629 -1.10009 -0.357463 165 0.999999 0.013946 -0.00560968 0 0.0342785 0 -0.0482245 
309 324 325 0.540901 -1.09762 -0.364149 165 0.999999 0.0139602 -0.00559876 0 0.0328643 0 -0.0468244 
309 310 325 0.559917 -1.0903 -0.456456 165 0.999999 0.0149053 -0.0065846 0 0.0331513 0 -0.0480566 
310 325 326 0.57145 -1.0879 -0.460561 165 0.999999 0.0149325 -0.00644926 0 0.0316853 0 -0.0466178 
310 311 326 0.594593 -1.07236 -0.561231 165 0.999999 0.0159998 -0.00734847 0 0.0317595 0 -0.0477593 
311 326 327 0.620645 -1.06499 -0.569367 165 0.999999 0.0160476 -0.00702789 0 0.0302374 0 -0.046285 
311 312 327 0.647878 -1.03574 -0.678735 165 0.999999 0.017299 -0.00772504 0 0.0300486 0 -0.0473475 
312 327 328 0.684378 -1.02334 -0.688315 165 0.999999 0.0173417 -0.00715324 0 0.0285122 0 -0.0458539 
312 313 328 0.715046 -0.972498 -0.806223 165 0.999999 0.0187193 -0.00756943 0 0.0280841 0 -0.0468034 
313 328 329 0.754922 -0.956696 -0.814233 165 0.999999 0.0186783 -0.00667722 0 0.0266032 0 -0.0452815 
313 314 329 0.787245 -0.876135 -0.937387 165 0.999999 0.0201115 -0.0066359 0 0.0260416 0 -0.0461531 
314 329 330 0.850662 -0.850138 -0.94706 165 0.999999 0.019858 -0.00537778 0 0.0247756 0 -0.0446336 
314 315 330 0.882976 -0.746765 -1.06136 165 0.999999 0.0211068 -0.00486484 0 0.0243448 0 -0.0454516 
315 330 331 0.966973 -0.710647 -1.06929 165 0.999999 0.0204276 -0.00339248 0 0.0234802 0 -0.0439078 
315 316 331 0.997458 -0.58434 -1.16921 165 0.999999 0.0212417 -0.00259598 0 0.0234318 0 -0.0446736 
316 331 332 1.10507 -0.536707 -1.17291 165 0.999999 0.0200191 -0.00123209 0 0.0230509 0 -0.0430699 
316 317 332 1.13132 -0.394504 -1.25111 165 0.999999 0.0203418 -0.000589058 0 0.0234783 0 -0.0438201 
317 332 333 1.21554 -0.352976 -1.24359 165 0.999999 0.0187072 0.000265331 0 0.0234283 0 -0.0421355 
317 318 333 1.23781 -0.221187 -1.29577 165 0.999999 0.0188782 0.000393922 0 0.0240706 0 -0.0429488 
318 333 334 1.29838 -0.187647 -1.27919 165 0.999999 0.0172424 0.000634277 0 0.023983 0 -0.0412254 
318 319 334 1.3202 -0.0694854 -1.31344 165 0.999999 0.017772 0.000347307 0 0.0245091 0 -0.0422811 
319 334 335 1.3266 -0.0569017 -1.29025 165 0.999999 0.0164187 0.000229742 0 0.024249 0 -0.0406677 
320 321 336 0.597215 -1.1499 -0.0480142 165 0.999999 0.0118436 -0.000591677 0 0.0327834 0 -0.044627 
321 336 337 0.593735 -1.1449 -0.0474083 165 0.999999 0.0117856 -0.000822608 0 0.0316247 0 -0.0434103 
321 322 337 0.600325 -1.14999 -0.120428 165 0.999999 0.011922 -0.00154489 0 0.0326852 0 -0.0446072 
322 337 338 0.596773 -1.14508 -0.11948 165 0.999999 0.0119151 -0.00179067 0 0.0314474 0 -0.0433625 
322 323 338 0.608554 -1.1516 -0.197538 165 0.999999 0.012173 -0.00264662 0 0.0323469 0 -0.0445199 
323 338 339 0.611472 -1.14586 -0.199095 165 0.999999 0.0122267 -0.00282192 0 0.0310342 0 -0.0432609 
323 324 339 0.628111 -1.15031 -0.286781 165 0.999999 0.0126141 -0.00369588 0 0.0317954 0 -0.0444095 
324 339 340 0.63335 -1.14361 -0.288827 165 0.999999 0.0126966 -0.00375118 0 0.0304537 0 -0.0431504 
324 325 340 0.65483 -1.14606 -0.38022 165 0.999999 0.013269 -0.00461884 0 0.0310268 0 -0.0442958 
325 340 341 0.66514 -1.13748 -0.383599 165 0.999999 0.0133882 -0.00453624 0 0.0296492 0 -0.0430374 
325 326 341 0.691863 -1.13591 -0.480888 165 0.999999 0.0141066 -0.00538082 0 0.0300207 0 -0.0441273 
326 341 342 0.708799 -1.12445 -0.485662 165 0.999999 0.0142036 -0.00514788 0 0.028626 0 -0.0428297 
326 327 342 0.740762 -1.112 -0.594496 165 0.999999 0.0150774 -0.00589574 0 0.0287685 0 -0.0438459 
327 342 343 0.762405 -1.09756 -0.599261 165 0.999999 0.0151744 -0.00545707 0 0.0273558 0 -0.0425301 
327 328 343 0.798951 -1.0685 -0.718693 165 0.999999 0.0161874 -0.00601742 0 0.0272883 0 -0.0434756 
328 343 344 0.834072 -1.04804 -0.725174 165 0.999999 0.0162238 -0.00532577 0 0.0259041 0 -0.0421279 
328 329 344 0.874439 -0.998919 -0.850169 165 0.999999 0.0173371 -0.0055694 0 0.0256472 0 -0.0429843 
329 344 345 0.929375 -0.969383 -0.858192 165 0.999999 0.0172516 -0.0045778 0 0.024347 0 -0.0415986 
329 330 345 0.971778 -0.887659 -0.988859 165 0.999999 0.0183394 -0.00442751 0 0.024037 0 -0.0423763 
330 345 346 1.05405 -0.845427 -0.997305 165 0.999999 0.0179661 -0.00317913 0 0.0229824 0 -0.0409485 
330 331 346 1.09624 -0.742011 -1.11648 165 0.999999 0.0188055 -0.00265703 0 0.0228564 0 -0.0416619 
331 346 347 1.19967 -0.68826 -1.12072 165 0.999999 0.0179692 -0.00133968 0 0.0221803 0 -0.0401494 
331 332 347 1.2392 -0.560395 -1.22467 165 0.999999 0.0183686 -0.000711239 0 0.0224231 0 -0.0407917 
332 347 348 1.35353 -0.498955 -1.22024 165 0.999999 0.0170425 0.000310088 0 0.022088 0 -0.0391305 
332 333 348 1.38865 -0.368555 -1.29847 165 0.999999 0.0170584 0.000643629 0 0.0226658 0 -0.0397241 
333 348 349 1.47633 -0.314641 -1.28024 165 0.999999 0.0154777 0.00110718 0 0.0224524 0 -0.0379301 
333 334 349 1.5094 -0.195928 -1.33565 165 0.999999 0.0154907 0.000969238 0 0.0231273 0 -0.038618 
334 349 350 1.53119 -0.167165 -1.30449 165 0.999999 0.0140172 0.000962581 0 0.022821 0 -0.0368382 
334 335 350 1.56754 -0.0594131 -1.3472 165 0.999999 0.0144156 0.000510056 0 0.0234166 0 -0.0378322 
335 350 351 1.54223 -0.0509328 -1.31074 165 0.999999 0.0132619 0.000280314 0 0.0229762 0 -0.0362381 
336 337 352 0.723068 -1.19212 -0.0493633 165 0.999999 0.0116914 -0.000461989 0 0.0293883 0 -0.0410797 
337 352 353 0.711547 -1.17986 -0.046975 165 0.999999 0.0116932 -0.00063203 0 0.028279 0 -0.0399722 
337 338 353 0.72391 -1.19231 -0.124407 165 0.999999 0.0117806 -0.00123842 0 0.0292775 0 -0.0410581 
338 353 354 0.728272 -1.17888 -0.128602 165 0.999999 0.01183 -0.00139957 0 0.028116 0 -0.039946 
338 339 354 0.746964 -1.19311 -0.207306 165 0.999999 0.0120183 -0.00212711 0 0.0289732 0 -0.0409915 
339 354 355 0.744796 -1.17941 -0.207709 165 0.999999 0.0120946 -0.00216975 0 0.0277846 0 -0.0398792 
339 340 355 0.769637 -1.19077 -0.300738 165 0.999999 0.0123855 -0.00291986 0 0.0285039 0 -0.0408894 
340 355 356 0.772089 -1.17558 -0.302091 165 0.999999 0.0124977 -0.0028554 0 0.0272768 0 -0.0397745 
340 341 356 0.802817 -1.18439 -0.399418 165 0.999999 0.0129281 -0.00360411 0 0.027849 0 -0.0407771 
341 356 357 0.807376 -1.16766 -0.400343 165 0.999999 0.0130564 -0.00341409 0 0.0265878 0 -0.0396442 
341 342 357 0.844306 -1.17082 -0.50569 165 0.999999 0.0136135 -0.00411328 0 0.0269933 0 -0.0406069 
342 357 358 0.860588 -1.14974 -0.509346 165 0.999999 0.0137213 -0.00377481 0 0.0257096 0 -0.0394308 
342 343 358 0.903832 -1.14283 -0.623974 165 0.999999 0.0144083 -0.00437075 0 0.0259295 0 -0.0403379 
343 358 359 0.931651 -1.11617 -0.629025 165 0.999999 0.0144859 -0.00383985 0 0.0246428 0 -0.0391287 
343 344 359 0.980704 -1.09126 -0.755079 165 0.999999 0.0152884 -0.00423452 0 0.0246849 0 -0.0399732 
344 359 360 1.02833 -1.05538 -0.762362 165 0.999999 0.0152713 -0.0034707 0 0.0234422 0 -0.0387135 
344 345 360 1.08224 -1.00936 -0.893583 165 0.999999 0.0161212 -0.00357035 0 0.0233612 0 -0.0394824 
345 360 361 1.15516 -0.960899 -0.901858 165 0.999999 0.0159196 -0.00257682 0 0.02224 0 -0.0381596 
345 346 361 1.21148 -0.880291 -1.03843 165 0.999999 0.0166767 -0.00233589 0 0.0221712 0 -0.0388479 
346 361 362 1.29687 -0.822763 -1.0413 165 0.999999 0.0161193 -0.00121003 0 0.0212999 0 -0.0374192 
346 347 362 1.35191 -0.716643 -1.16693 165 0.999999 0.0165724 -0.000735915 0 0.0214349 0 -0.0380073 
347 362 363 1.47826 -0.639254 -1.16692 165 0.999999 0.015557 0.000256973 0 0.0208472 0 -0.0364041 
347 348 363 1.52952 -0.519531 -1.27056 165 0.999999 0.0156276 0.000674532 0 0.0212575 0 -0.0368851 
348 363 364 1.61405 -0.453748 -1.25123 165 0.999999 0.0142503 0.00128942 0 0.0208562 0 -0.0351065 
348 349 364 1.66116 -0.327616 -1.33304 165 0.999999 0.0140845 0.00138853 0 0.0214734 0 -0.0355579 
349 364 365 1.70587 -0.276436 -1.29851 165 0.999999 0.0125957 0.00154252 0 0.0211082 0 -0.0337039 
349 350 365 1.75363 -0.174058 -1.35828 165 0.999999 0.0125154 0.00125451 0 0.0217809 0 -0.0342963 
350 365 366 1.73385 -0.149956 -1.3119 165 0.999999 0.0112011 0.0011042 0 0.0213494 0 -0.0325505 
350 351 366 1.78962 -0.0530331 -1.36479 165 0.999999 0.0115492 0.000582527 0 0.0219491 0 -0.0334983 
351 366 367 1.72798 -0.0491917 -1.31441 165 0.999999 0.0105552 0.000302213 0 0.0214359 0 -0.0319911 
352 353 368 0.896801 -1.22536 -0.0487866 165 0.999999 0.0116926 -0.000350885 0 0.026164 0 -0.0378566 
353 368 369 0.884007 -1.20222 -0.0498285 165 0.999999 0.0117389 -0.000469943 0 0.0251288 0 -0.0368677 
353 354 369 0.906647 -1.22434 -0.133561 165 0.999999 0.0117889 -0.000912231 0 0.0260823 0 -0.0378712 
354 369 370 0.877513 -1.20246 -0.125254 165 0.999999 0.0118572 -0.00100317 0 0.0249932 0 -0.0368504 
354 355 370 0.907256 -1.22489 -0.215719 165 0.999999 0.0119747 -0.00153315 0 0.0258383 0 -0.0378129 
355 370 371 0.910268 -1.1994 -0.22092 165 0.999999 0.0120614 -0.00153275 0 0.0247078 0 -0.0367692 
355 356 371 0.947274 -1.22092 -0.31374 165 0.999999 0.0122936 -0.00210488 0 0.0254269 0 -0.0377205 
356 371 372 0.939503 -1.19543 -0.312335 165 0.999999 0.0123914 -0.00199794 0 0.0242751 0 -0.0366665 
356 357 372 0.984079 -1.21269 -0.415782 165 0.999999 0.0127238 -0.00255844 0 0.0248637 0 -0.0375876 
357 372 373 0.981801 -1.18482 -0.414701 165 0.999999 0.0128099 -0.0023198 0 0.0236956 0 -0.0365056 
357 358 373 1.03366 -1.19408 -0.528988 165 0.999999 0.0132502 -0.00283699 0 0.0241359 0 -0.0373862 
358 373 374 1.052 -1.15894 -0.533299 165 0.999999 0.0132963 -0.00245558 0 0.0229696 0 -0.0362659 
358 359 374 1.11149 -1.15921 -0.653282 165 0.999999 0.013845 -0.0028625 0 0.0232565 0 -0.0371015 
359 374 375 1.14258 -1.11674 -0.658199 165 0.999999 0.0138303 -0.00229626 0 0.0221059 0 -0.0359362 
359 360 375 1.20915 -1.09608 -0.791761 165 0.999999 0.0144542 -0.00250978 0 0.0222495 0 -0.0367037 
360 375 376 1.26604 -1.04078 -0.799203 165 0.999999 0.0142914 -0.00177208 0 0.0211636 0 -0.035455 
360 361 376 1.33814 -0.997954 -0.936637 165 0.999999 0.0149068 -0.00173947 0 0.0212351 0 -0.0361419 
361 376 377 1.42227 -0.927192 -0.943403 165 0.999999 0.0144906 -0.000873709 0 0.020286 0 -0.0347767 
361 362 377 1.49724 -0.854492 -1.08146 165 0.999999 0.014946 -0.000585191 0 0.0204196 0 -0.0353656 
362 377 378 1.60484 -0.768229 -1.0824 165 0.999999 0.0141488 0.000258451 0 0.0196745 0 -0.0338233 
362 363 378 1.67771 -0.663906 -1.21192 165 0.999999 0.0143067 0.000626506 0 0.0199671 0 -0.0342738 
363 378 379 1.75406 -0.58394 -1.19285 165 0.999999 0.0131405 0.00124287 0 0.0193968 0 -0.0325373 
363 364 379 1.82223 -0.471246 -1.29948 165 0.999999 0.0130135 0.00148823 0 0.0198757 0 -0.0328892 
364 379 380 1.87131 -0.399468 -1.2634 165 0.999999 0.0116228 0.0017653 0 0.0194085 0 -0.0310313 
364 365 380 1.9367 -0.287096 -1.34859 165 0.999999 0.0113708 0.00172048 0 0.0200239 0 -0.0313947 
365 380 381 1.89159 -0.255599 -1.29174 165 0.999999 0.00998418 0.00169807 0 0.0195903 0 -0.0295745 
365 366 381 1.96119 -0.155739 -1.36249 165 0.999999 0.00989478 0.0013698 0 0.0202431 0 -0.0301379 
366 381 382 1.89554 -0.136968 -1.30031 165 0.999999 0.00870153 0.00116789 0 0.019806 0 -0.0285075 
366 367 382 1.97594 -0.0510887 -1.36509 165 0.999999 0.00901378 0.000621975 0 0.0203991 0 -0.0294129 
367 382 383 1.89189 -0.0442755 -1.30037 165 0.999999 0.00805714 0.000319761 0 0.0199556 0 -0.0280127 
368 369 384 1.0781 -1.24596 -0.0516413 165 0.999999 0.0117188 -0.000256641 0 0.0231686 0 -0.0348874 
369 384 385 1.04906 -1.21097 -0.0507968 165 0.999999 0.0117161 -0.000325552 0 0.0222073 0 -0.0339234 
369 370 385 1.08661 -1.2462 -0.129811 165 0.999999 0.0118045 -0.000629797 0 0.0230784 0 -0.0348829 
370 385 386 1.07586 -1.20909 -0.136133 165 0.999999 0.0117999 -0.000653462 0 0.0220895 0 -0.0338895 
370 371 386 1.1225 -1.24303 -0.228957 165 0.999999 0.0119394 -0.00102644 0 0.0228738 0 -0.0348132 
371 386 387 1.09195 -1.20677 -0.223269 165 0.999999 0.0119466 -0.000970929 0 0.0218645 0 -0.0338111 
371 372 387 1.14724 -1.23892 -0.323698 165 0.999999 0.0121664 -0.0013703 0 0.0225466 0 -0.034713 
372 387 388 1.14176 -1.19723 -0.32723 165 0.999999 0.0121572 -0.00121519 0 0.0215229 0 -0.0336801 
372 373 388 1.20669 -1.22793 -0.429788 165 0.999999 0.0124683 -0.00160419 0 0.0220833 0 -0.0345516 
373 388 389 1.20978 -1.18094 -0.434044 165 0.999999 0.0124317 -0.00134397 0 0.0210497 0 -0.0334815 
373 374 389 1.28471 -1.2011 -0.552702 165 0.999999 0.0128195 -0.00167817 0 0.0214958 0 -0.0343153 
374 389 390 1.29405 -1.14828 -0.555321 165 0.999999 0.0127169 -0.00129803 0 0.0204741 0 -0.033191 
374 375 390 1.37847 -1.15737 -0.682145 165 0.999999 0.0131791 -0.0015092 0 0.0207973 0 -0.0339764 
375 390 391 1.41208 -1.09199 -0.688346 165 0.999999 0.0129701 -0.000998221 0 0.0197974 0 -0.0327675 
375 376 391 1.505 -1.07864 -0.82828 165 0.999999 0.0134585 -0.00104759 0 0.0200201 0 -0.0334786 
376 391 392 1.55559 -1.00074 -0.832156 165 0.999999 0.0130535 -0.00044316 0 0.019093 0 -0.0321465 
376 377 392 1.65406 -0.960926 -0.977726 165 0.999999 0.0134702 -0.000301893 0 0.0192874 0 -0.0327576 
377 392 393 1.72275 -0.868862 -0.976262 165 0.999999 0.0127878 0.000336837 0 0.0184806 0 -0.0312684 
377 378 393 1.8221 -0.796179 -1.12178 165 0.999999 0.013011 0.000608664 0 0.0187341 0 -0.0317451 
378 393 394 1.88303 -0.700031 -1.1049 165 0.999999 0.0120051 0.00114179 0 0.0180684 0 -0.0300735 
378 379 394 1.97859 -0.605185 -1.23625 165 0.999999 0.0119767 0.00140795 0 0.0184387 0 -0.0304154 
379 394 395 1.99698 -0.522183 -1.19639 165 0.999999 0.0107143 0.00173971 0 0.0179009 0 -0.0286153 
379 380 395 2.08756 -0.414002 -1.30937 165 0.999999 0.0104874 0.00185171 0 0.0183919 0 -0.0288794 
380 395 396 2.04143 -0.359308 -1.24721 165 0.999999 0.00911662 0.00196171 0 0.0179535 0 -0.0270701 
380 381 396 2.1325 -0.264898 -1.33873 165 0.999999 0.00886534 0.0018529 0 0.0185365 0 -0.0274018 
381 396 397 2.06501 -0.222949 -1.26686 165 0.999999 0.00755916 0.00176921 0 0.0181623 0 -0.0257214 
381 382 397 2.16485 -0.141952 -1.34761 165 0.999999 0.00748476 0.00141248 0 0.018779 0 -0.0262637 
382 397 398 2.05205 -0.125087 -1.26762 165 0.999999 0.00636215 0.00117716 0 0.0184122 0 -0.0247743 
382 383 398 2.16699 -0.0458864 -1.34768 165 0.999999 0.00662227 0.000630355 0 0.0189957 0 -0.025618 
383 398 399 2.04392 -0.0389664 -1.26592 165 0.999999 0.00575217 0.000310594 0 0.0185718 0 -0.024324 
384 385 400 1.33136 -1.25257 -0.0525417 165 0.999999 0.0114935 -0.000161446 0 0.0204564 0 -0.0319499 
385 400 401 1.2725 -1.20038 -0.048606 165 0.999999 0.0113562 -0.000184221 0 0.0196247 0 -0.030981 
385 386 401 1.33576 -1.25063 -0.140809 165 0.999999 0.0115742 -0.000371991 0 0.0203867 0 -0.031961 
386 401 402 1.29146 -1.19723 -0.141015 165 0.999999 0.0114179 -0.000353501 0 0.0195329 0 -0.0309508 
386 387 402 1.36524 -1.24822 -0.230938 165 0.999999 0.0116508 -0.000579459 0 0.0202264 0 -0.0318772 
387 402 403 1.33002 -1.19181 -0.232784 165 0.999999 0.0114853 -0.000500706 0 0.0193578 0 -0.0308431 
387 388 403 1.4149 -1.23835 -0.338471 165 0.999999 0.0117719 -0.00073706 0 0.0199722 0 -0.0317441 
388 403 404 1.3844 -1.17815 -0.338968 165 0.999999 0.0115869 -0.000586863 0 0.0190851 0 -0.030672 
388 389 404 1.48058 -1.22151 -0.448954 165 0.999999 0.0119357 -0.000804768 0 0.0196022 0 -0.0315379 
389 404 405 1.4632 -1.1541 -0.451495 165 0.999999 0.0116974 -0.000574146 0 0.0187117 0 -0.030409 
389 390 405 1.57136 -1.18772 -0.574396 165 0.999999 0.0120908 -0.000733207 0 0.0191374 0 -0.0312283 
390 405 406 1.56785 -1.1106 -0.57754 165 0.999999 0.0117581 -0.000410369 0 0.0182619 0 -0.03002 
390 391 406 1.6873 -1.1295 -0.711991 165 0.999999 0.0121753 -0.000464215 0 0.0185986 0 -0.0307738 
391 406 407 1.70075 -1.03941 -0.714576 165 0.999999 0.011706 -6.60635e-05 0 0.017753 0 -0.029459 
391 392 407 1.82942 -1.03512 -0.860741 165 0.999999 0.0120958 4.35651e-06 0 0.0180247 0 -0.0301206 
392 407 408 1.85433 -0.93212 -0.857452 165 0.999999 0.0114202 0.000441448 0 0.0172455 0 -0.0286657 
392 393 408 1.98794 -0.898708 -1.0098 165 0.999999 0.0116955 0.000632661 0 0.0175069 0 -0.0292024 
393 408 409 2.00596 -0.789742 -0.991635 165 0.999999 0.0107726 0.00104571 0 0.0168255 0 -0.0275981 
393 394 409 2.1386 -0.724078 -1.14285 165 0.999999 0.010859 0.00128301 0 0.0171335 0 -0.0279926 
394 409 410 2.1159 -0.626569 -1.09937 165 0.999999 0.00970101 0.0016072 0 0.0165696 0 -0.0262706 
394 395 410 2.24363 -0.54012 -1.23749 165 0.999999 0.00958468 0.00179775 0 0.0169668 0 -0.0265515 
395 410 411 2.17503 -0.462542 -1.17079 165 0.999999 0.00828864 0.00200025 0 0.0165165 0 -0.0248052 
395 396 411 2.29952 -0.37165 -1.29005 165 0.999999 0.00804747 0.00205222 0 0.0170122 0 -0.0250597 
396 411 412 2.20109 -0.311286 -1.20814 165 0.999999 0.0067263 0.00209428 0 0.0166526 0 -0.0233789 
396 397 412 2.32889 -0.230607 -1.31037 165 0.999999 0.00648926 0.00192009 0 0.0172196 0 -0.0237089 
397 412 413 2.17944 -0.200525 -1.21516 165 0.999999 0.00525497 0.00181057 0 0.0169285 0 -0.0221834 
397 398 413 2.31957 -0.129384 -1.31116 165 0.999999 0.00520226 0.00142437 0 0.0175043 0 -0.0227066 
398 413 414 2.1601 -0.110832 -1.21271 165 0.999999 0.00414628 0.00119663 0 0.0172226 0 -0.0213689 
398 399 414 2.31761 -0.0403049 -1.30941 165 0.999999 0.00443607 0.000629655 0 0.0177065 0 -0.0221426 
399 414 415 2.15256 -0.0305928 -1.20926 165 0.999999 0.00360746 0.000319061 0 0.0173777 0 -0.0209852 
400 401 416 1.61898 -1.23957 -0.0501928 165 0.999999 0.0108283 -7.63344e-05 0 0.0181278 0 -0.028956 
401 416 417 1.51878 -1.16507 -0.0455939 165 0.999999 0.0105169 -8.26823e-05 0 0.0174265 0 -0.0279433 
401 402 417 1.62492 -1.23631 -0.145619 165 0.999999 0.0108885 -0.000172078 0 0.0180696 0 -0.0289581 
402 417 418 1.53886 -1.16058 -0.143575 165 0.999999 0.0105437 -0.000138102 0 0.0173446 0 -0.0278884 
402 403 418 1.65606 -1.23072 -0.240383 165 0.999999 0.0109076 -0.00024077 0 0.0179394 0 -0.028847 
403 418 419 1.57678 -1.15218 -0.23768 165 0.999999 0.0105361 -0.000165247 0 0.0172055 0 -0.0277416 
403 404 419 1.70624 -1.21661 -0.350035 165 0.999999 0.0109288 -0.000274986 0 0.0177368 0 -0.0286657 
404 419 420 1.64947 -1.12996 -0.354388 165 0.999999 0.0105215 -0.000143954 0 0.0169881 0 -0.0275096 
404 405 420 1.79244 -1.19178 -0.466235 165 0.999999 0.0109413 -0.00022521 0 0.0174458 0 -0.0283871 
405 420 421 1.73868 -1.09766 -0.467132 165 0.999999 0.0104622 -2.74125e-05 0 0.0167001 0 -0.0271623 
405 406 421 1.89614 -1.14686 -0.596395 165 0.999999 0.0108856 -5.35108e-05 0 0.0170903 0 -0.027976 
406 421 422 1.85694 -1.04025 -0.597465 165 0.999999 0.0102991 0.000205534 0 0.0163592 0 -0.0266583 
406 407 422 2.02714 -1.07335 -0.737904 165 0.999999 0.0107024 0.000246827 0 0.0166851 0 -0.0273875 
407 422 423 1.98592 -0.95754 -0.729346 165 0.999999 0.00997987 0.000552556 0 0.0159844 0 -0.0259643 
407 408 423 2.165 -0.96255 -0.885445 165 0.999999 0.0103078 0.000676757 0 0.0162731 0 -0.0265809 
408 423 424 2.11785 -0.839811 -0.863118 165 0.999999 0.00940667 0.000998965 0 0.0156336 0 -0.0250403 
408 409 424 2.29968 -0.815524 -1.02401 165 0.999999 0.00959621 0.0011767 0 0.0159246 0 -0.0255208 
409 424 425 2.22879 -0.695644 -0.979894 165 0.999999 0.00851548 0.00147923 0 0.0153721 0 -0.0238876 
409 410 425 2.40892 -0.647025 -1.13526 165 0.999999 0.00853386 0.00167243 0 0.0157091 0 -0.024243 
410 425 426 2.30305 -0.53988 -1.06664 165 0.999999 0.00730728 0.001914 0 0.0152628 0 -0.0225701 
410 411 426 2.48089 -0.477643 -1.20901 165 0.999999 0.00717839 0.00205128 0 0.015673 0 -0.0228514 
411 426 427 2.34053 -0.388226 -1.11911 165 0.999999 0.00588042 0.00218765 0 0.0153326 0 -0.021213 
411 412 427 2.5194 -0.321449 -1.24758 165 0.999999 0.00566949 0.00217868 0 0.0158165 0 -0.021486 
412 427 428 2.33614 -0.258786 -1.13907 165 0.999999 0.00438452 0.00216728 0 0.0155605 0 -0.019945 
412 413 428 2.52515 -0.207071 -1.25484 165 0.999999 0.00420703 0.00197336 0 0.0161053 0 -0.0203124 
413 428 429 2.31661 -0.163748 -1.13665 165 0.999999 0.00303521 0.00183329 0 0.0158999 0 -0.0189351 
413 414 429 2.52461 -0.114451 -1.2523 165 0.999999 0.00302718 0.00144276 0 0.0164413 0 -0.0194684 
414 429 430 2.29473 -0.0892672 -1.12847 165 0.999999 0.00203931 0.00118248 0 0.016213 0 -0.0182523 
414 415 430 2.52506 -0.0315916 -1.24873 165 0.999999 0.00232981 0.000625765 0 0.0166655 0 -0.0189953 
415 430 431 2.27522 -0.024904 -1.12237 165 0.999999 0.00156053 0.000306703 0 0.0163728 0 -0.0179333 
416 417 432 1.91974 -1.2013 -0.0470116 165 0.999999 0.00964625 -2.0138e-05 0 0.0161485 0 -0.0257947 
417 432 433 1.75048 -1.0991 -0.0394997 165 0.999999 0.00914865 1.20409e-05 0 0.0155529 0 -0.0247016 
417 418 433 1.92339 -1.19667 -0.148039 165 0.999999 0.00967449 -1.65269e-05 0 0.0161059 0 -0.0257804 
418 433 434 1.78862 -1.09093 -0.153961 165 0.999999 0.00913604 4.19829e-05 0 0.0154959 0 -0.024632 
418 419 434 1.97396 -1.188 -0.24507 165 0.999999 0.00963381 -4.06853e-06 0 0.0160008 0 -0.0256346 
419 434 435 1.85073 -1.07529 -0.253669 165 0.999999 0.00906497 9.51742e-05 0 0.0153788 0 -0.0244438 
419 420 435 2.05234 -1.1651 -0.365408 165 0.999999 0.00955998 6.50274e-05 0 0.0158348 0 -0.0253948 
420 435 436 1.91295 -1.04921 -0.359042 165 0.999999 0.00894249 0.000211331 0 0.0152069 0 -0.0241494 
420 421 436 2.12999 -1.13179 -0.481657 165 0.999999 0.00942497 0.000200147 0 0.0156144 0 -0.0250394 
421 436 437 2.01468 -1.00167 -0.48267 165 0.999999 0.00872922 0.000389352 0 0.0149883 0 -0.0237175 
421 422 437 2.24746 -1.0726 -0.616043 165 0.999999 0.00918 0.000420837 0 0.0153427 0 -0.0245227 
422 437 438 2.12197 -0.934592 -0.604452 165 0.999999 0.00838261 0.000651028 0 0.0147353 0 -0.0231179 
422 423 438 2.36902 -0.987314 -0.752025 165 0.999999 0.00877923 0.000741453 0 0.0150511 0 -0.0238303 
423 438 439 2.24494 -0.836982 -0.731708 165 0.999999 0.00785457 0.00100637 0 0.014484 0 -0.0223386 
423 424 439 2.50222 -0.865925 -0.889956 165 0.999999 0.00815409 0.00113968 0 0.0147779 0 -0.0229319 
424 439 440 2.35103 -0.715543 -0.845633 165 0.999999 0.00708894 0.00141028 0 0.0142725 0 -0.0213615 
424 425 440 2.61343 -0.717275 -1.01036 165 0.999999 0.00726079 0.00157209 0 0.0145758 0 -0.0218366 
425 440 441 2.43233 -0.573139 -0.940287 165 0.999999 0.0060673 0.00182175 0 0.0141578 0 -0.0202251 
425 426 441 2.69687 -0.556667 -1.09981 165 0.999999 0.00609541 0.00197046 0 0.0145078 0 -0.0206032 
426 441 442 2.47771 -0.428188 -1.00249 165 0.999999 0.00480879 0.00214748 0 0.0141929 0 -0.0190017 
426 427 442 2.746 -0.400298 -1.15391 165 0.999999 0.00472269 0.00222739 0 0.0146075 0 -0.0193302 
427 442 443 2.481 -0.298084 -1.03057 165 0.999999 0.00341594 0.00228775 0 0.0143814 0 -0.0177973 
427 428 443 2.75828 -0.266833 -1.17449 165 0.999999 0.0032887 0.00223661 0 0.0148504 0 -0.0181391 
428 443 444 2.45691 -0.191028 -1.03307 165 0.999999 0.0020498 0.00215369 0 0.0146726 0 -0.0167225 
428 429 444 2.75239 -0.168839 -1.17199 165 0.999999 0.0019738 0.00194429 0 0.0151773 0 -0.0171511 
429 444 445 2.42486 -0.114716 -1.01989 165 0.999999 0.000879812 0.00174036 0 0.0149999 0 -0.0158797 
429 430 445 2.74727 -0.0920429 -1.16356 165 0.999999 0.000953363 0.00136908 0 0.0154942 0 -0.0164476 
430 445 446 2.39529 -0.0593496 -1.00472 165 0.999999 4.88546e-05 0.00108264 0 0.0152686 0 -0.0153174 
430 431 446 2.74833 -0.0256784 -1.15727 165 0.999999 0.000365527 0.000576977 0 0.0156947 0 -0.0160602 
431 446 447 2.3694 -0.0176102 -0.995109 165 0.999999 -0.000341679 0.000270274 0 0.0154011 0 -0.0150594 
432 433 448 2.34158 -1.13166 -0.0406697 165 0.999999 0.00794071 5.48999e-05 0 0.0144351 0 -0.0223758 
433 448 449 2.04201 -0.98443 -0.0387065 165 0.999999 0.00727071 9.8788e-05 0 0.0139093 0 -0.02118 
433 434 449 2.35479 -1.12325 -0.158522 165 0.999999 0.0079402 0.000114439 0 0.0144172 0 -0.0223574 
434 449 450 2.08047 -0.972017 -0.161866 165 0.999999 0.00721331 0.000181407 0 0.0138794 0 -0.0210927 
434 435 450 2.40344 -1.10714 -0.261183 165 0.999999 0.00784031 0.000208194 0 0.0143362 0 -0.0221765 
435 450 451 2.13562 -0.9487 -0.263236 165 0.999999 0.00707294 0.000325986 0 0.0137857 0 -0.0208586 
435 436 451 2.47875 -1.08029 -0.369677 165 0.999999 0.00768011 0.00035927 0 0.0142004 0 -0.0218805 
436 451 452 2.21539 -0.910566 -0.370891 165 0.999999 0.00684333 0.000515725 0 0.0136646 0 -0.0205079 
436 437 452 2.57973 -1.03134 -0.496968 165 0.999999 0.00740996 0.000556991 0 0.0140449 0 -0.0214549 
437 452 453 2.31251 -0.848747 -0.49115 165 0.999999 0.00648566 0.000755476 0 0.0135182 0 -0.0200039 
437 438 453 2.69908 -0.962277 -0.622358 165 0.999999 0.00700752 0.000818027 0 0.0138542 0 -0.0208617 
438 453 454 2.41594 -0.767416 -0.602746 165 0.999999 0.00597011 0.00105671 0 0.0133727 0 -0.0193428 
438 439 454 2.82444 -0.861775 -0.753383 165 0.999999 0.00642054 0.00115463 0 0.0136868 0 -0.0201073 
439 454 455 2.5154 -0.658688 -0.712079 165 0.999999 0.00526428 0.0014032 0 0.0132579 0 -0.0185222 
439 440 455 2.94279 -0.736739 -0.870682 165 0.999999 0.00563317 0.00152554 0 0.0135498 0 -0.019183 
440 455 456 2.59945 -0.530506 -0.802618 165 0.999999 0.00436067 0.00174829 0 0.0131966 0 -0.0175572 
440 441 456 3.0445 -0.590117 -0.968141 165 0.999999 0.00462295 0.00188268 0 0.0135012 0 -0.0181242 
441 456 457 2.64039 -0.400313 -0.860305 165 0.999999 0.00325784 0.00203525 0 0.0132406 0 -0.0164985 
441 442 457 3.10222 -0.440872 -1.03218 165 0.999999 0.00341557 0.00215134 0 0.0135824 0 -0.0169979 
442 457 458 2.63491 -0.280312 -0.885698 165 0.999999 0.00202215 0.00219373 0 0.0134037 0 -0.0154258 
442 443 458 3.11473 -0.306914 -1.0611 165 0.999999 0.00210863 0.00225024 0 0.013788 0 -0.0158967 
443 458 459 2.59026 -0.18357 -0.882981 165 0.999999 0.000773598 0.00216336 0 0.0136545 0 -0.0144281 
443 444 459 3.0911 -0.196687 -1.06367 165 0.999999 0.000842019 0.00211796 0 0.0140701 0 -0.0149121 
444 459 460 2.52317 -0.111548 -0.8643 165 0.999999 -0.000359433 0.0019138 0 0.0139398 0 -0.0135803 
444 445 460 3.04974 -0.118114 -1.0501 165 0.999999 -0.000245636 0.00174561 0 0.0143649 0 -0.0141193 
445 460 461 2.45659 -0.0625233 -0.840312 165 0.999999 -0.00126903 0.00146946 0 0.0142035 0 -0.0129344 
445 446 461 3.01454 -0.0611076 -1.03449 165 0.999999 -0.00104809 0.00117777 0 0.0146128 0 -0.0135647 
446 461 462 2.40247 -0.030961 -0.819759 165 0.999999 -0.00188532 0.000881228 0 0.0143999 0 -0.0125146 
446 447 462 2.99645 -0.0181319 -1.02459 165 0.999999 -0.00149558 0.000479397 0 0.0147622 0 -0.0132666 
447 462 463 2.36991 -0.00866212 -0.808283 165 0.999999 -0.00216629 0.000209123 0 0.0144925 0 -0.0123262 
448 449 464 3.31125 -1.01241 -0.0398065 165 0.999999 0.00542302 0.000113271 0 0.012959 0 -0.018382 
449 464 465 2.47338 -0.758046 -0.0252597 165 0.999999 0.00427256 0.000169346 0 0.0125368 0 -0.0168094 
449 450 465 3.30717 -0.999641 -0.166467 165 0.999999 0.00539336 0.000221831 0 0.0129494 0 -0.0183427 
450 465 466 2.52431 -0.738141 -0.173317 165 0.999999 0.00416167 0.000322911 0 0.0125181 0 -0.0166798 
450 451 466 3.36541 -0.975662 -0.270718 165 0.999999 0.00521425 0.000400279 0 0.0128976 0 -0.0181119 
451 466 467 2.59622 -0.695309 -0.294276 165 0.999999 0.00391427 0.000536305 0 0.012476 0 -0.0163903 
451 452 467 3.4807 -0.936444 -0.381432 165 0.999999 0.00493617 0.000618467 0 0.0128283 0 -0.0177645 
452 467 468 2.66379 -0.639207 -0.386868 165 0.999999 0.00353105 0.000787876 0 0.0124445 0 -0.0159755 
452 453 468 3.60366 -0.872868 -0.505108 165 0.999999 0.0045139 0.000883619 0 0.012754 0 -0.0172679 
453 468 469 2.76715 -0.539187 -0.521043 165 0.999999 0.00297916 0.00103129 0 0.012413 0 -0.0153921 
453 454 469 3.77879 -0.789225 -0.619876 165 0.999999 0.00391351 0.00114183 0 0.0126957 0 -0.0166092 
454 469 470 2.8153 -0.449153 -0.580359 165 0.999999 0.00226052 0.00127275 0 0.012427 0 -0.0146875 
454 455 470 3.91018 -0.677408 -0.732316 165 0.999999 0.00316087 0.0014362 0 0.0126751 0 -0.015836 
455 470 471 2.83983 -0.334218 -0.643798 165 0.999999 0.00142208 0.00150036 0 0.0124746 0 -0.0138966 
455 456 471 4.00481 -0.545583 -0.825428 165 0.999999 0.00225299 0.00169011 0 0.0127041 0 -0.0149571 
456 471 472 2.80539 -0.226955 -0.6687 165 0.999999 0.000472524 0.00165027 0 0.0125793 0 -0.0130518 
456 457 472 4.03413 -0.411689 -0.884755 165 0.999999 0.00121509 0.00186102 0 0.0128112 0 -0.0140263 
457 472 473 2.71672 -0.1394 -0.660271 165 0.999999 -0.00052093 0.00169525 0 0.0127401 0 -0.0122191 
457 458 473 3.99657 -0.288279 -0.910869 165 0.999999 0.000128396 0.00191187 0 0.0129908 0 -0.0131192 
458 473 474 2.5851 -0.0830654 -0.626334 165 0.999999 -0.00146901 0.00163011 0 0.0129327 0 -0.0114637 
458 459 474 3.89925 -0.188787 -0.908075 165 0.999999 -0.000910288 0.00182508 0 0.013212 0 -0.0123017 
459 474 475 2.44345 -0.0467107 -0.587317 165 0.999999 -0.00230069 0.00145966 0 0.0131277 0 -0.010827 
459 460 475 3.77675 -0.114718 -0.888864 165 0.999999 -0.00181825 0.00159377 0 0.0134399 0 -0.0116216 
460 475 476 2.31395 -0.0231167 -0.551853 165 0.999999 -0.00297578 0.00119597 0 0.0133033 0 -0.0103275 
460 461 476 3.66139 -0.0643002 -0.864193 165 0.999999 -0.00254036 0.00123985 0 0.0136417 0 -0.0111013 
461 476 477 2.20647 -0.0134456 -0.52216 165 0.999999 -0.00347352 0.000864604 0 0.0134417 0 -0.00996818 
461 462 477 3.57153 -0.031841 -0.843057 165 0.999999 -0.00303942 0.000797673 0 0.0137906 0 -0.0107512 
462 477 478 2.13413 -0.00418556 -0.503077 165 0.999999 -0.00378767 0.000489963 0 0.0135323 0 -0.00974459 
462 463 478 3.52719 -0.0089083 -0.831254 165 0.999999 -0.00330428 0.000303244 0 0.0138719 0 -0.0105676 
463 478 479 2.096 0.00155088 -0.492954 165 0.999999 -0.00392274 9.41207e-05 0 0.0135711 0 -0.00964832 
464 465 480 7.08308 0 0 165 0.999999 0.00310952 0.000156849 0 0.0121116 0 -0.0152212 
465 466 481 7.04264 0 0 165 0.999999 0.00304871 0.000308078 0 0.012101 0 -0.0151497 
466 467 482 6.88704 0 0 165 0.999999 0.00278521 0.000534861 0 0.0120951 0 -0.0148803 
467 468 483 6.6605 0 0 165 0.999999 0.0023986 0.000780649 0 0.0120891 0 -0.0144877 
468 469 484 6.32986 0 0 165 0.999999 0.00183079 0.00103147 0 0.0121035 0 -0.0139343 
469 470 485 5.90948 0 0 165 0.999999 0.0010894 0.00122119 0 0.0121584 0 -0.0132478 
470 471 486 5.44229 0 0 165 0.999999 0.00025389 0.00140868 0 0.012253 0 -0.0125069 
471 472 487 4.93705 0 0 165 0.999999 -0.000658206 0.00150448 0 0.0123912 0 -0.011733 
472 473 488 4.44358 0 0 165 0.999999 -0.00157596 0.00149239 0 0.0125635 0 -0.0109876 
473 474 489 4.00674 0 0 165 0.999999 -0.00241116 0.00138561 0 0.0127435 0 -0.0103324 
474 475 490 3.65017 0 0 165 0.999999 -0.00310896 0.00121364 0 0.0129052 0 -0.00979626 
475 476 491 3.37425 0 0 165 0.999999 -0.00365691 0.000991953 0 0.0130391 0 -0.00938221 
476 477 492 3.17618 0 0 165 0.999999 -0.0040595 0.000738829 0 0.0131411 0 -0.00908164 
477 478 493 3.04882 0 0 165 0.999999 -0.00432324 0.000467559 0 0.0132096 0 -0.0088864 
478 479 494 2.98388 0 0 165 0.999999 -0.00446693 0.000188241 0 0.0132474 0 -0.00878044 
